p edge 30 418
v 1 460771
v 2 515771
v 3 571356
v 4 710240
v 5 605422
v 6 523081
v 7 562303
v 8 632375
v 9 393580
v 10 728127
v 11 507346
v 12 697891
v 13 218308
v 14 651768
v 15 564997
v 16 580393
v 17 624809
v 18 549829
v 19 563794
v 20 753142
v 21 616000
v 22 608033
v 23 351343
v 24 542561
v 25 570101
v 26 721703
v 27 589151
v 28 558411
v 29 341500
v 30 691876
e 1 2 842836
e 1 3 814174
e 1 4 558462
e 1 5 409532
e 1 6 766160
e 1 7 499804
e 1 8 682825
e 1 9 468717
e 1 10 815487
e 1 11 533313
e 1 12 596610
e 1 13 586339
e 1 14 863103
e 1 15 653685
e 1 16 499715
e 1 17 737039
e 1 18 766639
e 1 19 405755
e 1 20 505821
e 1 21 667150
e 1 22 810482
e 1 23 451865
e 1 24 766116
e 1 25 490764
e 1 26 718527
e 1 27 542866
e 1 29 472550
e 1 30 620160
e 2 3 275163
e 2 4 494156
e 2 5 233246
e 2 6 271380
e 2 7 626101
e 2 8 678630
e 2 9 392705
e 2 10 783489
e 2 11 302074
e 2 12 960736
e 2 13 399505
e 2 14 255270
e 2 15 357006
e 2 16 625425
e 2 17 281438
e 2 18 372092
e 2 19 226459
e 2 20 487402
e 2 23 449696
e 2 24 272649
e 2 25 245097
e 2 26 712690
e 2 27 283080
e 2 28 515701
e 2 29 424659
e 2 30 642767
e 3 4 875052
e 3 5 482793
e 3 6 834438
e 3 7 457125
e 3 8 730341
e 3 9 935294
e 3 10 443976
e 3 11 703718
e 3 12 322355
e 3 13 882602
e 3 14 585455
e 3 15 975887
e 3 16 446259
e 3 17 586626
e 3 18 954620
e 3 19 610600
e 3 20 822302
e 3 21 355802
e 3 22 362873
e 3 23 790498
e 3 24 740687
e 3 25 703613
e 3 26 477707
e 3 28 808103
e 3 29 906001
e 3 30 744468
e 4 5 465934
e 4 6 598129
e 4 7 877070
e 4 8 834830
e 4 9 919838
e 4 10 504503
e 4 11 559896
e 4 12 531591
e 4 13 732706
e 4 14 454263
e 4 15 751115
e 4 16 852930
e 4 17 454440
e 4 18 775171
e 4 19 501973
e 4 21 601763
e 4 22 447846
e 4 23 897858
e 4 24 555349
e 4 25 546250
e 4 26 660737
e 4 27 809433
e 4 28 532819
e 4 29 868081
e 4 30 834016
e 5 6 405163
e 5 7 306649
e 5 8 446873
e 5 9 491152
e 5 10 296538
e 5 11 970931
e 5 12 268871
e 5 13 885854
e 5 14 475957
e 5 15 341534
e 5 16 294311
e 5 17 479769
e 5 18 380720
e 5 20 477213
e 5 21 288710
e 5 22 293925
e 5 23 762776
e 5 24 540882
e 5 25 806423
e 5 26 312563
e 5 27 659554
e 5 28 359132
e 5 29 430630
e 5 30 398319
e 6 7 377945
e 6 8 625629
e 6 9 571580
e 6 10 412066
e 6 11 802847
e 6 12 338706
e 6 13 887522
e 6 14 804974
e 6 15 573013
e 6 16 359401
e 6 17 807511
e 6 18 727684
e 6 19 427098
e 6 20 559506
e 6 21 369613
e 6 22 398072
e 6 23 630695
e 6 25 699401
e 6 26 486160
e 6 27 736172
e 6 28 758052
e 6 29 536933
e 6 30 498696
e 7 8 833494
e 7 9 601245
e 7 10 538258
e 7 11 374353
e 7 12 755483
e 7 13 424107
e 7 14 314601
e 7 15 403219
e 7 17 314257
e 7 18 560191
e 7 19 326266
e 7 20 848170
e 7 21 766151
e 7 22 512005
e 7 23 545949
e 7 24 342501
e 7 25 335559
e 7 26 511424
e 7 27 427583
e 7 28 421950
e 7 29 634719
e 7 30 799293
e 8 9 588559
e 8 10 765051
e 8 11 570313
e 8 12 974006
e 8 13 632801
e 8 14 489193
e 8 15 826048
e 8 16 797145
e 8 17 489003
e 8 18 788277
e 8 19 449790
e 8 20 831326
e 8 21 814164
e 8 22 644096
e 8 23 681477
e 8 24 577316
e 8 25 493073
e 8 26 730844
e 8 27 746943
e 8 28 638832
e 8 29 594691
e 9 10 452695
e 9 11 495544
e 9 12 387177
e 9 13 913711
e 9 14 399653
e 9 15 603896
e 9 16 541349
e 9 17 405501
e 9 18 684429
e 9 19 603678
e 9 20 874748
e 9 21 420781
e 9 22 401921
e 9 24 511255
e 9 25 623560
e 9 26 543844
e 9 27 835284
e 9 28 454649
e 9 30 681954
e 10 11 410850
e 10 12 851042
e 10 13 524265
e 10 14 369570
e 10 15 742831
e 10 16 537764
e 10 17 368935
e 10 18 742116
e 10 19 278708
e 10 20 441612
e 10 21 748170
e 10 22 783088
e 10 23 488345
e 10 24 406139
e 10 25 331917
e 10 27 449803
e 10 28 714354
e 10 29 453487
e 10 30 740318
e 11 12 345418
e 11 13 868725
e 11 14 676621
e 11 15 508369
e 11 16 359173
e 11 17 680007
e 11 18 583114
e 11 19 804281
e 11 20 538572
e 11 21 370655
e 11 22 374438
e 11 23 607958
e 11 24 707753
e 11 26 431898
e 11 27 848130
e 11 28 524322
e 11 29 471856
e 11 30 480995
e 12 13 409961
e 12 14 313829
e 12 15 414807
e 12 16 754482
e 12 17 313209
e 12 18 466885
e 12 19 268311
e 12 20 522201
e 12 22 754655
e 12 23 473543
e 12 24 321970
e 12 25 285609
e 12 26 754678
e 12 27 333463
e 12 28 467030
e 12 29 434448
e 12 30 814145
e 13 14 565196
e 13 15 681923
e 13 16 410661
e 13 17 593919
e 13 18 668187
e 13 19 893512
e 13 20 679250
e 13 21 428371
e 13 22 448852
e 13 24 859017
e 13 25 775664
e 13 26 535129
e 13 27 784325
e 13 28 581225
e 13 29 745572
e 13 30 600801
e 14 15 407889
e 14 16 296426
e 14 18 607921
e 14 19 473074
e 14 20 402273
e 14 21 353019
e 14 22 407185
e 14 23 399226
e 14 24 802161
e 14 25 606870
e 14 26 450538
e 14 27 519184
e 14 28 730043
e 14 29 387131
e 14 30 366364
e 15 16 372831
e 15 17 408555
e 15 19 341012
e 15 20 653935
e 15 21 469260
e 15 22 479059
e 15 23 643226
e 15 24 490658
e 15 25 374782
e 15 26 742792
e 15 27 953379
e 15 28 598702
e 15 29 592230
e 15 30 615391
e 16 17 296071
e 16 18 533371
e 16 19 315301
e 16 20 935892
e 16 21 765703
e 16 22 531997
e 16 23 540088
e 16 24 323368
e 16 25 322196
e 16 26 479610
e 16 27 416692
e 16 28 396239
e 16 29 555554
e 16 30 928610
e 17 18 608355
e 17 19 476924
e 17 20 402453
e 17 21 352422
e 17 22 493874
e 17 23 414145
e 17 24 868811
e 17 25 611040
e 17 26 449983
e 17 27 536269
e 17 28 884177
e 17 29 387916
e 17 30 366135
e 18 19 340055
e 18 20 903307
e 18 21 479387
e 18 22 477903
e 18 23 726149
e 18 24 729371
e 18 25 476052
e 18 26 772587
e 18 27 977649
e 18 28 757618
e 18 29 709656
e 18 30 947521
e 19 20 534342
e 19 21 283013
e 19 22 275354
e 19 23 960935
e 19 24 547503
e 19 25 991033
e 19 26 291862
e 19 27 705446
e 19 28 375064
e 19 29 529434
e 19 30 438912
e 20 21 593928
e 20 22 440705
e 20 23 904513
e 20 24 506948
e 20 25 570762
e 20 26 603633
e 20 27 960895
e 20 28 476797
e 20 29 958858
e 20 30 880909
e 21 22 985955
e 21 23 505004
e 21 24 363564
e 21 25 313387
e 21 26 878664
e 21 27 365315
e 21 28 533253
e 21 29 466583
e 21 30 987313
e 22 23 459424
e 22 24 399087
e 22 25 325601
e 22 26 913654
e 22 27 365336
e 22 28 938524
e 22 29 411334
e 22 30 646188
e 23 24 573901
e 23 25 855350
e 23 26 587964
e 23 27 922468
e 23 28 437159
e 23 29 952888
e 23 30 773056
e 24 25 884552
e 24 26 487684
e 24 27 994193
e 24 28 758018
e 24 29 484384
e 24 30 444000
e 25 26 368378
e 25 27 905635
e 25 28 480785
e 25 29 563191
e 25 30 460034
e 26 27 459513
e 26 28 896504
e 26 29 554293
e 26 30 940980
e 27 28 527714
e 27 29 843951
e 27 30 704071
e 28 29 454989
e 28 30 559384
e 29 30 697028
