0,1,2,3,4,cluster,sc
0.0,5.1,3.5,1.4,0.2,2,0.8739505759506634
1.0,4.9,3.0,1.4,0.2,2,0.8466999820883281
2.0,4.7,3.2,1.3,0.2,2,0.8558210765644799
3.0,4.6,3.1,1.5,0.2,2,0.8372552794980616
4.0,5.0,3.6,1.4,0.2,2,0.8697580681817096
5.0,5.4,3.9,1.7,0.4,2,0.7846548652655375
6.0,4.6,3.4,1.4,0.3,2,0.8482656754995428
7.0,5.0,3.4,1.5,0.2,2,0.8762777830993987
8.0,4.4,2.9,1.4,0.2,2,0.7920569693272479
9.0,4.9,3.1,1.5,0.1,2,0.8561691891708998
10.0,5.4,3.7,1.5,0.2,2,0.8309490046544616
11.0,4.8,3.4,1.6,0.2,2,0.8617155925065081
12.0,4.8,3.0,1.4,0.1,2,0.8424590177858539
13.0,4.3,3.0,1.1,0.1,2,0.7833588972991381
14.0,5.8,4.0,1.2,0.2,2,0.7393708232670374
15.0,5.7,4.4,1.5,0.4,2,0.6870493341539441
16.0,5.4,3.9,1.3,0.4,2,0.8050741472531441
17.0,5.1,3.5,1.4,0.3,2,0.8724799990747228
18.0,5.7,3.8,1.7,0.3,2,0.7496550927580704
19.0,5.1,3.8,1.5,0.3,2,0.8448330481179764
20.0,5.4,3.4,1.7,0.2,2,0.8191530919078884
21.0,5.1,3.7,1.5,0.4,2,0.8505100873651741
22.0,4.6,3.6,1.0,0.2,2,0.8200025186536601
23.0,5.1,3.3,1.7,0.5,2,0.8290804634970441
24.0,4.8,3.4,1.9,0.2,2,0.8132055331991086
25.0,5.0,3.0,1.6,0.2,2,0.8342916346399956
26.0,5.0,3.4,1.6,0.4,2,0.8600096735830386
27.0,5.2,3.5,1.5,0.2,2,0.8654371281696953
28.0,5.2,3.4,1.4,0.2,2,0.8670582105432082
29.0,4.7,3.2,1.6,0.2,2,0.8483537438921406
30.0,4.8,3.1,1.6,0.2,2,0.8472547384466205
31.0,5.4,3.4,1.5,0.4,2,0.8302502827942313
32.0,5.2,4.1,1.5,0.1,2,0.7932499648460702
33.0,5.5,4.2,1.4,0.2,2,0.7568186870247735
34.0,4.9,3.1,1.5,0.1,2,0.8561691891708998
35.0,5.0,3.2,1.2,0.2,2,0.8577852962126677
36.0,5.5,3.5,1.3,0.2,2,0.8234247008370142
37.0,4.9,3.1,1.5,0.1,2,0.8561691891708998
38.0,4.4,3.0,1.3,0.2,2,0.8046376167897403
39.0,5.1,3.4,1.5,0.2,2,0.8733230373669789
40.0,5.0,3.5,1.3,0.3,2,0.8704898607741819
41.0,4.5,2.3,1.3,0.3,2,0.6972498614873078
42.0,4.4,3.2,1.3,0.2,2,0.8188108835268926
43.0,5.0,3.5,1.6,0.6,2,0.8315856797519775
44.0,5.1,3.8,1.9,0.4,2,0.7865369457925546
45.0,4.8,3.0,1.4,0.3,2,0.8415715245759907
46.0,5.1,3.8,1.6,0.2,2,0.8394254382736963
47.0,4.6,3.2,1.4,0.2,2,0.8476050425119139
48.0,5.3,3.7,1.5,0.2,2,0.84377706630667
49.0,5.0,3.3,1.4,0.2,2,0.8751675506105595
50.0,7.0,3.2,4.7,1.4,1,0.6539267720422508
51.0,6.4,3.2,4.5,1.5,1,0.672033686689972
52.0,6.9,3.1,4.9,1.5,1,0.6940920431997961
53.0,5.5,2.3,4.0,1.3,1,0.477584614521526
54.0,6.5,2.8,4.6,1.5,1,0.7008049458274181
55.0,5.7,2.8,4.5,1.3,1,0.6345442609060546
56.0,6.3,3.3,4.7,1.6,1,0.6931421060218398
57.0,4.9,2.4,3.3,1.0,1,-0.024239789272861488
58.0,6.6,2.9,4.6,1.3,1,0.6785365837605912
59.0,5.2,2.7,3.9,1.4,1,0.4038781332641529
60.0,5.0,2.0,3.5,1.0,1,0.13182728211797293
61.0,5.9,3.0,4.2,1.5,1,0.6088162301193608
62.0,6.0,2.2,4.0,1.0,1,0.4829634895660923
63.0,6.1,2.9,4.7,1.4,1,0.7033300883525582
64.0,5.6,2.9,3.6,1.3,1,0.33336419237395365
65.0,6.7,3.1,4.4,1.4,1,0.6431140875476024
66.0,5.6,3.0,4.5,1.5,1,0.6297714218183947
67.0,5.8,2.7,4.1,1.0,1,0.5166908470025302
68.0,6.2,2.2,4.5,1.5,1,0.6486860041262669
69.0,5.6,2.5,3.9,1.1,1,0.4432068015993974
70.0,5.9,3.2,4.8,1.8,1,0.6953021014647457
71.0,6.1,2.8,4.0,1.3,1,0.5569024494837718
72.0,6.3,2.5,4.9,1.5,1,0.7166260697899675
73.0,6.1,2.8,4.7,1.2,1,0.6810697393524031
74.0,6.4,2.9,4.3,1.3,1,0.6361071113287208
75.0,6.6,3.0,4.4,1.4,1,0.6547787382487643
76.0,6.8,2.8,4.8,1.4,1,0.6941860821855895
77.0,6.7,3.0,5.0,1.7,1,0.7280762480618598
78.0,6.0,2.9,4.5,1.5,1,0.6809277937494645
79.0,5.7,2.6,3.5,1.0,1,0.25758720292029236
80.0,5.5,2.4,3.8,1.1,1,0.38663366615596506
81.0,5.5,2.4,3.7,1.0,1,0.32560370935137073
82.0,5.8,2.7,3.9,1.2,1,0.48833748641030267
83.0,6.0,2.7,5.1,1.6,1,0.7267652956085161
84.0,5.4,3.0,4.5,1.5,1,0.5940257198353459
85.0,6.0,3.4,4.5,1.6,1,0.6403508496369557
86.0,6.7,3.1,4.7,1.5,1,0.6933199722971141
87.0,6.3,2.3,4.4,1.3,1,0.6305558614780095
88.0,5.6,3.0,4.1,1.3,1,0.5244992365135338
89.0,5.5,2.5,4.0,1.3,1,0.48847360816689
90.0,5.5,2.6,4.4,1.2,1,0.5734293939506634
91.0,6.1,3.0,4.6,1.4,1,0.6889706891570294
92.0,5.8,2.6,4.0,1.2,1,0.5216697308123119
93.0,5.0,2.3,3.3,1.0,1,0.008949311065919984
94.0,5.6,2.7,4.2,1.3,1,0.5637462769923997
95.0,5.7,3.0,4.2,1.2,1,0.5539274034968211
96.0,5.7,2.9,4.2,1.3,1,0.5743438643328431
97.0,6.2,2.9,4.3,1.3,1,0.6361205472300281
98.0,5.1,2.5,3.0,1.1,1,-0.15369651844251245
99.0,5.7,2.8,4.1,1.3,1,0.5516802085066103
100.0,6.3,3.3,6.0,2.5,1,0.6730037942493541
101.0,5.8,2.7,5.1,1.9,1,0.7124752386030007
102.0,7.1,3.0,5.9,2.1,1,0.6916065739308732
103.0,6.3,2.9,5.6,1.8,1,0.732640698706997
104.0,6.5,3.0,5.8,2.2,1,0.7159133182397247
105.0,7.6,3.0,6.6,2.1,1,0.6178461575857419
106.0,4.9,2.5,4.5,1.7,1,0.5032952439324462
107.0,7.3,2.9,6.3,1.8,1,0.6549768940544393
108.0,6.7,2.5,5.8,1.8,1,0.7061401477874166
109.0,7.2,3.6,6.1,2.5,1,0.636394709726257
110.0,6.5,3.2,5.1,2.0,1,0.7293453567013024
111.0,6.4,2.7,5.3,1.9,1,0.7422842059157266
112.0,6.8,3.0,5.5,2.1,1,0.7253276196530704
113.0,5.7,2.5,5.0,2.0,1,0.6865505470362857
114.0,5.8,2.8,5.1,2.4,1,0.6830946194005123
115.0,6.4,3.2,5.3,2.3,1,0.7177801363999737
116.0,6.5,3.0,5.5,1.8,1,0.7378940679152362
117.0,7.7,3.8,6.7,2.2,1,0.576754909290146
118.0,7.7,2.6,6.9,2.3,1,0.5892002328961959
119.0,6.0,2.2,5.0,1.5,1,0.6815380598806348
120.0,6.9,3.2,5.7,2.3,1,0.7002511467681573
121.0,5.6,2.8,4.9,2.0,1,0.6783540444649483
122.0,7.7,2.8,6.7,2.0,1,0.6056291361748709
123.0,6.3,2.7,4.9,1.8,1,0.7363666715472317
124.0,6.7,3.3,5.7,2.1,1,0.7102437849841597
125.0,7.2,3.2,6.0,1.8,1,0.6740338478663154
126.0,6.2,2.8,4.8,1.8,1,0.7306985431337443
127.0,6.1,3.0,4.9,1.8,1,0.7304368306256573
128.0,6.4,2.8,5.6,2.1,1,0.7304723862699702
129.0,7.2,3.0,5.8,1.6,1,0.6816203583840347
130.0,7.4,2.8,6.1,1.9,1,0.6605644582982184
131.0,7.9,3.8,6.4,2.0,1,0.5763148189490057
132.0,6.4,2.8,5.6,2.2,1,0.7259472272167581
133.0,6.3,2.8,5.1,1.5,1,0.7350615874460508
134.0,6.1,2.6,5.6,1.4,1,0.701090477082163
135.0,7.7,3.0,6.1,2.3,1,0.6312379918679646
136.0,6.3,3.4,5.6,2.4,1,0.691698880501024
137.0,6.4,3.1,5.5,1.8,1,0.7346466516269583
138.0,6.0,3.0,4.8,1.8,1,0.7176108468210793
139.0,6.9,3.1,5.4,2.1,1,0.7176289269061221
140.0,6.7,3.1,5.6,2.4,1,0.7087166498969026
141.0,6.9,3.1,5.1,2.3,1,0.7003483421894495
142.0,5.8,2.7,5.1,1.9,1,0.7124752386030007
143.0,6.8,3.2,5.9,2.3,1,0.6952566334486839
144.0,6.7,3.3,5.7,2.5,1,0.6897314052621298
145.0,6.7,3.0,5.2,2.3,1,0.7184833677643085
146.0,6.3,2.5,5.0,1.9,1,0.7276833549233702
147.0,6.5,3.0,5.2,2.0,1,0.7413479420076726
148.0,6.2,3.4,5.4,2.3,1,0.6977061316789965
149.0,5.9,3.0,5.1,1.8,1,0.7216352231009405
0.0,5.1,3.5,1.4,0.2,4,0.8527657558310433
1.0,4.9,3.0,1.4,0.2,4,0.819447786885231
2.0,4.7,3.2,1.3,0.2,4,0.8314828940526304
3.0,4.6,3.1,1.5,0.2,4,0.8082655399265044
4.0,5.0,3.6,1.4,0.2,4,0.8482107910204926
5.0,5.4,3.9,1.7,0.4,4,0.7483132910131878
6.0,4.6,3.4,1.4,0.3,4,0.8225680854885846
7.0,5.0,3.4,1.5,0.2,4,0.8546361145710913
8.0,4.4,2.9,1.4,0.2,4,0.7559397718697424
9.0,4.9,3.1,1.5,0.1,4,0.8304139912844164
10.0,5.4,3.7,1.5,0.2,4,0.8030423369711766
11.0,4.8,3.4,1.6,0.2,4,0.8370518627860226
12.0,4.8,3.0,1.4,0.1,4,0.8148233935085054
13.0,4.3,3.0,1.1,0.1,4,0.7490375181048267
14.0,5.8,4.0,1.2,0.2,4,0.7028483667815527
15.0,5.7,4.4,1.5,0.4,4,0.6438053061115039
16.0,5.4,3.9,1.3,0.4,4,0.7752135186200256
17.0,5.1,3.5,1.4,0.3,4,0.8508745852973231
18.0,5.7,3.8,1.7,0.3,4,0.7077539515933472
19.0,5.1,3.8,1.5,0.3,4,0.8192767724847432
20.0,5.4,3.4,1.7,0.2,4,0.7859792892529863
21.0,5.1,3.7,1.5,0.4,4,0.825234437344245
22.0,4.6,3.6,1.0,0.2,4,0.7931073981981903
23.0,5.1,3.3,1.7,0.5,4,0.7961572876187979
24.0,4.8,3.4,1.9,0.2,4,0.7772820689495474
25.0,5.0,3.0,1.6,0.2,4,0.8030974260958919
26.0,5.0,3.4,1.6,0.4,4,0.834429069772675
27.0,5.2,3.5,1.5,0.2,4,0.8422646975964031
28.0,5.2,3.4,1.4,0.2,4,0.8444137400340618
29.0,4.7,3.2,1.6,0.2,4,0.8207506241201415
30.0,4.8,3.1,1.6,0.2,4,0.8189880395364728
31.0,5.4,3.4,1.5,0.4,4,0.8002514433862752
32.0,5.2,4.1,1.5,0.1,4,0.7618821315007471
33.0,5.5,4.2,1.4,0.2,4,0.7218171626124612
34.0,4.9,3.1,1.5,0.1,4,0.8304139912844164
35.0,5.0,3.2,1.2,0.2,4,0.8341954736213703
36.0,5.5,3.5,1.3,0.2,4,0.7949193624105333
37.0,4.9,3.1,1.5,0.1,4,0.8304139912844164
38.0,4.4,3.0,1.3,0.2,4,0.7717266540698287
39.0,5.1,3.4,1.5,0.2,4,0.8511510740930687
40.0,5.0,3.5,1.3,0.3,4,0.8491017334940966
41.0,4.5,2.3,1.3,0.3,4,0.6444417581849086
42.0,4.4,3.2,1.3,0.2,4,0.7888015392505092
43.0,5.0,3.5,1.6,0.6,4,0.8009518658861895
44.0,5.1,3.8,1.9,0.4,4,0.7474653128257965
45.0,4.8,3.0,1.4,0.3,4,0.8132656618257496
46.0,5.1,3.8,1.6,0.2,4,0.8125626369069507
47.0,4.6,3.2,1.4,0.2,4,0.8213833116526331
48.0,5.3,3.7,1.5,0.2,4,0.8178709533447264
49.0,5.0,3.3,1.4,0.2,4,0.8536039526275174
50.0,7.0,3.2,4.7,1.4,3,0.060087781182480135
51.0,6.4,3.2,4.5,1.5,3,0.393504035002031
52.0,6.9,3.1,4.9,1.5,3,-0.050925274508090354
53.0,5.5,2.3,4.0,1.3,3,0.5896214706132663
54.0,6.5,2.8,4.6,1.5,3,0.38514861697945313
55.0,5.7,2.8,4.5,1.3,3,0.5927984000762384
56.0,6.3,3.3,4.7,1.6,3,0.29756562343407467
57.0,4.9,2.4,3.3,1.0,3,0.25005208173820986
58.0,6.6,2.9,4.6,1.3,3,0.36364082908752426
59.0,5.2,2.7,3.9,1.4,3,0.5739033525209929
60.0,5.0,2.0,3.5,1.0,3,0.36243363807578804
61.0,5.9,3.0,4.2,1.5,3,0.5856735095600913
62.0,6.0,2.2,4.0,1.0,3,0.5515519885920657
63.0,6.1,2.9,4.7,1.4,3,0.49201072732726286
64.0,5.6,2.9,3.6,1.3,3,0.5521203663333184
65.0,6.7,3.1,4.4,1.4,3,0.34086542303536194
66.0,5.6,3.0,4.5,1.5,3,0.5574058050289982
67.0,5.8,2.7,4.1,1.0,3,0.609164271334786
68.0,6.2,2.2,4.5,1.5,3,0.4682679104354542
69.0,5.6,2.5,3.9,1.1,3,0.6079544688928076
70.0,5.9,3.2,4.8,1.8,3,0.3368713382643239
71.0,6.1,2.8,4.0,1.3,3,0.5887894287033759
72.0,6.3,2.5,4.9,1.5,3,0.3306389566003073
73.0,6.1,2.8,4.7,1.2,3,0.5045871443635843
74.0,6.4,2.9,4.3,1.3,3,0.507003897975238
75.0,6.6,3.0,4.4,1.4,3,0.39916319572855646
76.0,6.8,2.8,4.8,1.4,3,0.15893251149601795
77.0,6.7,3.0,5.0,1.7,5,0.0853079245536928
78.0,6.0,2.9,4.5,1.5,3,0.5560215234689795
79.0,5.7,2.6,3.5,1.0,3,0.49528171915032404
80.0,5.5,2.4,3.8,1.1,3,0.5909497958885098
81.0,5.5,2.4,3.7,1.0,3,0.5497209564791559
82.0,5.8,2.7,3.9,1.2,3,0.6162102117858461
83.0,6.0,2.7,5.1,1.6,3,0.2822054949707952
84.0,5.4,3.0,4.5,1.5,3,0.5401494578393166
85.0,6.0,3.4,4.5,1.6,3,0.4212269254660237
86.0,6.7,3.1,4.7,1.5,3,0.19539084330967313
87.0,6.3,2.3,4.4,1.3,3,0.49598046052296074
88.0,5.6,3.0,4.1,1.3,3,0.6038752555015312
89.0,5.5,2.5,4.0,1.3,3,0.6102602821030623
90.0,5.5,2.6,4.4,1.2,3,0.594640980972736
91.0,6.1,3.0,4.6,1.4,3,0.5109822997907709
92.0,5.8,2.6,4.0,1.2,3,0.6212897612398867
93.0,5.0,2.3,3.3,1.0,3,0.27874244245639285
94.0,5.6,2.7,4.2,1.3,3,0.6242537177551378
95.0,5.7,3.0,4.2,1.2,3,0.6046226546065374
96.0,5.7,2.9,4.2,1.3,3,0.6192743495454026
97.0,6.2,2.9,4.3,1.3,3,0.5612041248303963
98.0,5.1,2.5,3.0,1.1,3,0.12396236288398926
99.0,5.7,2.8,4.1,1.3,3,0.6270389049988434
100.0,6.3,3.3,6.0,2.5,5,0.5066637310205493
101.0,5.8,2.7,5.1,1.9,3,0.24515810614705635
102.0,7.1,3.0,5.9,2.1,5,0.6188010780950245
103.0,6.3,2.9,5.6,1.8,5,0.3449333198608596
104.0,6.5,3.0,5.8,2.2,5,0.5622330147200626
105.0,7.6,3.0,6.6,2.1,5,0.5514741300636279
106.0,4.9,2.5,4.5,1.7,3,0.46608324427554776
107.0,7.3,2.9,6.3,1.8,5,0.5633093282868559
108.0,6.7,2.5,5.8,1.8,5,0.4312292124727948
109.0,7.2,3.6,6.1,2.5,5,0.5718722801018982
110.0,6.5,3.2,5.1,2.0,5,0.24882999252111218
111.0,6.4,2.7,5.3,1.9,5,0.2099818506665932
112.0,6.8,3.0,5.5,2.1,5,0.5567604158171049
113.0,5.7,2.5,5.0,2.0,3,0.29340444108805375
114.0,5.8,2.8,5.1,2.4,3,0.03093786101046267
115.0,6.4,3.2,5.3,2.3,5,0.3995958474243246
116.0,6.5,3.0,5.5,1.8,5,0.4086548628193747
117.0,7.7,3.8,6.7,2.2,5,0.5023464470168729
118.0,7.7,2.6,6.9,2.3,5,0.48971672704779123
119.0,6.0,2.2,5.0,1.5,3,0.3445578416042635
120.0,6.9,3.2,5.7,2.3,5,0.6159849683444475
121.0,5.6,2.8,4.9,2.0,3,0.33857811166170726
122.0,7.7,2.8,6.7,2.0,5,0.5183834450036711
123.0,6.3,2.7,4.9,1.8,3,0.22222157168184362
124.0,6.7,3.3,5.7,2.1,5,0.5853122921676915
125.0,7.2,3.2,6.0,1.8,5,0.5817456655835159
126.0,6.2,2.8,4.8,1.8,3,0.3225281576301617
127.0,6.1,3.0,4.9,1.8,3,0.26656158828914017
128.0,6.4,2.8,5.6,2.1,5,0.4506816777755943
129.0,7.2,3.0,5.8,1.6,5,0.5122113823406349
130.0,7.4,2.8,6.1,1.9,5,0.5644225776007759
131.0,7.9,3.8,6.4,2.0,5,0.49045623448960746
132.0,6.4,2.8,5.6,2.2,5,0.46165579808097107
133.0,6.3,2.8,5.1,1.5,3,0.17075888312878548
134.0,6.1,2.6,5.6,1.4,3,-0.048429288107736286
135.0,7.7,3.0,6.1,2.3,5,0.5599914985739755
136.0,6.3,3.4,5.6,2.4,5,0.4611209679944185
137.0,6.4,3.1,5.5,1.8,5,0.37611177778670407
138.0,6.0,3.0,4.8,1.8,3,0.3604827281167294
139.0,6.9,3.1,5.4,2.1,5,0.5352028632490612
140.0,6.7,3.1,5.6,2.4,5,0.5786120129728789
141.0,6.9,3.1,5.1,2.3,5,0.4093929860546087
142.0,5.8,2.7,5.1,1.9,3,0.24515810614705635
143.0,6.8,3.2,5.9,2.3,5,0.6228281297488292
144.0,6.7,3.3,5.7,2.5,5,0.5771609030505878
145.0,6.7,3.0,5.2,2.3,5,0.4252494814543227
146.0,6.3,2.5,5.0,1.9,3,0.12413983271705045
147.0,6.5,3.0,5.2,2.0,5,0.3034543469162182
148.0,6.2,3.4,5.4,2.3,5,0.35376778488125743
149.0,5.9,3.0,5.1,1.8,3,0.20118373388651303
0.0,5.1,3.5,1.4,0.2,7,0.8253734344650181
1.0,4.9,3.0,1.4,0.2,7,0.7814839059731515
2.0,4.7,3.2,1.3,0.2,7,0.7980061530044658
3.0,4.6,3.1,1.5,0.2,7,0.7669520399196857
4.0,5.0,3.6,1.4,0.2,7,0.8203836845454553
5.0,5.4,3.9,1.7,0.4,7,0.7053496946077118
6.0,4.6,3.4,1.4,0.3,7,0.787272908988928
7.0,5.0,3.4,1.5,0.2,7,0.8257364280327412
8.0,4.4,2.9,1.4,0.2,7,0.7037709502194837
9.0,4.9,3.1,1.5,0.1,7,0.7946610551390663
10.0,5.4,3.7,1.5,0.2,7,0.7692408456166553
11.0,4.8,3.4,1.6,0.2,7,0.8031757354274313
12.0,4.8,3.0,1.4,0.1,7,0.7761980475441385
13.0,4.3,3.0,1.1,0.1,7,0.7012352892208403
14.0,5.8,4.0,1.2,0.2,7,0.6637819343552822
15.0,5.7,4.4,1.5,0.4,7,0.5998998955643703
16.0,5.4,3.9,1.3,0.4,7,0.7403291488960775
17.0,5.1,3.5,1.4,0.3,7,0.8228653638490595
18.0,5.7,3.8,1.7,0.3,7,0.6604528235784767
19.0,5.1,3.8,1.5,0.3,7,0.7873178749337755
20.0,5.4,3.4,1.7,0.2,7,0.7434418981252089
21.0,5.1,3.7,1.5,0.4,7,0.7930947932993437
22.0,4.6,3.6,1.0,0.2,7,0.7581314505247074
23.0,5.1,3.3,1.7,0.5,7,0.7508168126898626
24.0,4.8,3.4,1.9,0.2,7,0.7265713665215293
25.0,5.0,3.0,1.6,0.2,7,0.7590682251959391
26.0,5.0,3.4,1.6,0.4,7,0.799730247197742
27.0,5.2,3.5,1.5,0.2,7,0.8124723158489262
28.0,5.2,3.4,1.4,0.2,7,0.8151421942368083
29.0,4.7,3.2,1.6,0.2,7,0.7816302218556028
30.0,4.8,3.1,1.6,0.2,7,0.7787827134175793
31.0,5.4,3.4,1.5,0.4,7,0.762153280920874
32.0,5.2,4.1,1.5,0.1,7,0.7250885577690901
33.0,5.5,4.2,1.4,0.2,7,0.683353033469854
34.0,4.9,3.1,1.5,0.1,7,0.7946610551390663
35.0,5.0,3.2,1.2,0.2,7,0.8028505334586519
36.0,5.5,3.5,1.3,0.2,7,0.7603706013933461
37.0,4.9,3.1,1.5,0.1,7,0.7946610551390663
38.0,4.4,3.0,1.3,0.2,7,0.7250015615445744
39.0,5.1,3.4,1.5,0.2,7,0.8218848819157157
40.0,5.0,3.5,1.3,0.3,7,0.821270675956566
41.0,4.5,2.3,1.3,0.3,7,0.56710461368661
42.0,4.4,3.2,1.3,0.2,7,0.7468625477252677
43.0,5.0,3.5,1.6,0.6,7,0.7598880099842161
44.0,5.1,3.8,1.9,0.4,7,0.6974792320631801
45.0,4.8,3.0,1.4,0.3,7,0.773352602299111
46.0,5.1,3.8,1.6,0.2,7,0.7788681945921752
47.0,4.6,3.2,1.4,0.2,7,0.784738104854002
48.0,5.3,3.7,1.5,0.2,7,0.785977512632093
49.0,5.0,3.3,1.4,0.2,7,0.824721311619538
50.0,7.0,3.2,4.7,1.4,8,0.2945961524559541
51.0,6.4,3.2,4.5,1.5,8,0.4544402941479059
52.0,6.9,3.1,4.9,1.5,8,0.25140787135712217
53.0,5.5,2.3,4.0,1.3,9,0.5044462011998951
54.0,6.5,2.8,4.6,1.5,8,0.5088585463067692
55.0,5.7,2.8,4.5,1.3,9,0.07636507876896768
56.0,6.3,3.3,4.7,1.6,8,0.485967157887743
57.0,4.9,2.4,3.3,1.0,9,0.5039828765822979
58.0,6.6,2.9,4.6,1.3,8,0.4742803410081682
59.0,5.2,2.7,3.9,1.4,9,0.5226166212439411
60.0,5.0,2.0,3.5,1.0,9,0.4825509607940679
61.0,5.9,3.0,4.2,1.5,8,-0.055595108650510434
62.0,6.0,2.2,4.0,1.0,9,0.30850435035978413
63.0,6.1,2.9,4.7,1.4,8,0.44476531329036584
64.0,5.6,2.9,3.6,1.3,9,0.48320095596582874
65.0,6.7,3.1,4.4,1.4,8,0.423894523096569
66.0,5.6,3.0,4.5,1.5,9,0.0032351596697426676
67.0,5.8,2.7,4.1,1.0,9,0.40509564062603665
68.0,6.2,2.2,4.5,1.5,8,0.21028184309196488
69.0,5.6,2.5,3.9,1.1,9,0.560183101559585
70.0,5.9,3.2,4.8,1.8,8,0.4201730106053698
71.0,6.1,2.8,4.0,1.3,8,-0.17762747781228144
72.0,6.3,2.5,4.9,1.5,8,0.4864784776977349
73.0,6.1,2.8,4.7,1.2,8,0.3453154528676435
74.0,6.4,2.9,4.3,1.3,8,0.3100723493087531
75.0,6.6,3.0,4.4,1.4,8,0.43044718282877176
76.0,6.8,2.8,4.8,1.4,8,0.4032970235936146
77.0,6.7,3.0,5.0,1.7,6,-0.2671936881706591
78.0,6.0,2.9,4.5,1.5,8,0.3051688136471272
79.0,5.7,2.6,3.5,1.0,9,0.5094202011149206
80.0,5.5,2.4,3.8,1.1,9,0.5727343272098656
81.0,5.5,2.4,3.7,1.0,9,0.5645222996148453
82.0,5.8,2.7,3.9,1.2,9,0.468368944092677
83.0,6.0,2.7,5.1,1.6,8,0.4849158396028984
84.0,5.4,3.0,4.5,1.5,9,0.13577691686398188
85.0,6.0,3.4,4.5,1.6,8,0.3046090753337484
86.0,6.7,3.1,4.7,1.5,8,0.44108174800116673
87.0,6.3,2.3,4.4,1.3,8,0.1703962335228498
88.0,5.6,3.0,4.1,1.3,9,0.38760903541728114
89.0,5.5,2.5,4.0,1.3,9,0.5410118419278914
90.0,5.5,2.6,4.4,1.2,9,0.3527527913612353
91.0,6.1,3.0,4.6,1.4,8,0.40485105752720757
92.0,5.8,2.6,4.0,1.2,9,0.4537335092066813
93.0,5.0,2.3,3.3,1.0,9,0.5102302422969884
94.0,5.6,2.7,4.2,1.3,9,0.4324351470722581
95.0,5.7,3.0,4.2,1.2,9,0.30838398444680104
96.0,5.7,2.9,4.2,1.3,9,0.32864388284431234
97.0,6.2,2.9,4.3,1.3,8,0.20864134976038945
98.0,5.1,2.5,3.0,1.1,9,0.4315063431301165
99.0,5.7,2.8,4.1,1.3,9,0.41954479702348085
100.0,6.3,3.3,6.0,2.5,6,0.3930162288373647
101.0,5.8,2.7,5.1,1.9,8,0.42449109319036743
102.0,7.1,3.0,5.9,2.1,6,0.516670514825688
103.0,6.3,2.9,5.6,1.8,6,0.10014841781558825
104.0,6.5,3.0,5.8,2.2,6,0.4304782894380488
105.0,7.6,3.0,6.6,2.1,6,0.4693034284929137
106.0,4.9,2.5,4.5,1.7,9,0.24229943310590135
107.0,7.3,2.9,6.3,1.8,6,0.46753169767736263
108.0,6.7,2.5,5.8,1.8,6,0.2623147980067387
109.0,7.2,3.6,6.1,2.5,6,0.4833308412915172
110.0,6.5,3.2,5.1,2.0,6,-0.06883949502167436
111.0,6.4,2.7,5.3,1.9,6,-0.12214368664031987
112.0,6.8,3.0,5.5,2.1,6,0.40256429647591824
113.0,5.7,2.5,5.0,2.0,8,0.3330797780114213
114.0,5.8,2.8,5.1,2.4,8,0.21546275405555881
115.0,6.4,3.2,5.3,2.3,6,0.19451888668519626
116.0,6.5,3.0,5.5,1.8,6,0.17058536569613203
117.0,7.7,3.8,6.7,2.2,6,0.42161537508646724
118.0,7.7,2.6,6.9,2.3,6,0.4090929260694752
119.0,6.0,2.2,5.0,1.5,8,0.3206944710774065
120.0,6.9,3.2,5.7,2.3,6,0.5069191653152704
121.0,5.6,2.8,4.9,2.0,8,0.30660255506242085
122.0,7.7,2.8,6.7,2.0,6,0.43504338228143785
123.0,6.3,2.7,4.9,1.8,8,0.48199758602215603
124.0,6.7,3.3,5.7,2.1,6,0.4583377069166214
125.0,7.2,3.2,6.0,1.8,6,0.4761087765042129
126.0,6.2,2.8,4.8,1.8,8,0.5387779101988216
127.0,6.1,3.0,4.9,1.8,8,0.5010686885737876
128.0,6.4,2.8,5.6,2.1,6,0.2595948064348717
129.0,7.2,3.0,5.8,1.6,6,0.37759433245471236
130.0,7.4,2.8,6.1,1.9,6,0.4646024964528611
131.0,7.9,3.8,6.4,2.0,6,0.4045783167928649
132.0,6.4,2.8,5.6,2.2,6,0.28244669741422923
133.0,6.3,2.8,5.1,1.5,8,0.44290647286513346
134.0,6.1,2.6,5.6,1.4,8,0.1809180811688448
135.0,7.7,3.0,6.1,2.3,6,0.4708667898850497
136.0,6.3,3.4,5.6,2.4,6,0.31510727541746303
137.0,6.4,3.1,5.5,1.8,6,0.12986179885699936
138.0,6.0,3.0,4.8,1.8,8,0.48755584380204264
139.0,6.9,3.1,5.4,2.1,6,0.37480259833471985
140.0,6.7,3.1,5.6,2.4,6,0.4536642279714638
141.0,6.9,3.1,5.1,2.3,6,0.21428065642801564
142.0,5.8,2.7,5.1,1.9,8,0.42449109319036743
143.0,6.8,3.2,5.9,2.3,6,0.5221821895919034
144.0,6.7,3.3,5.7,2.5,6,0.4653563176775171
145.0,6.7,3.0,5.2,2.3,6,0.22196676489758355
146.0,6.3,2.5,5.0,1.9,8,0.3793199540559262
147.0,6.5,3.0,5.2,2.0,6,-0.008207392245279985
148.0,6.2,3.4,5.4,2.3,6,0.1639954870842281
149.0,5.9,3.0,5.1,1.8,8,0.41898595982201253
0.0,5.1,3.5,1.4,0.2,10,0.8253734344650181
1.0,4.9,3.0,1.4,0.2,10,0.7814839059731515
2.0,4.7,3.2,1.3,0.2,10,0.7980061530044658
3.0,4.6,3.1,1.5,0.2,10,0.7669520399196857
4.0,5.0,3.6,1.4,0.2,10,0.8203836845454553
5.0,5.4,3.9,1.7,0.4,10,0.7053496946077118
6.0,4.6,3.4,1.4,0.3,10,0.787272908988928
7.0,5.0,3.4,1.5,0.2,10,0.8257364280327412
8.0,4.4,2.9,1.4,0.2,10,0.7037709502194837
9.0,4.9,3.1,1.5,0.1,10,0.7946610551390663
10.0,5.4,3.7,1.5,0.2,10,0.7692408456166553
11.0,4.8,3.4,1.6,0.2,10,0.8031757354274313
12.0,4.8,3.0,1.4,0.1,10,0.7761980475441385
13.0,4.3,3.0,1.1,0.1,10,0.7012352892208403
14.0,5.8,4.0,1.2,0.2,10,0.6637819343552822
15.0,5.7,4.4,1.5,0.4,10,0.5998998955643703
16.0,5.4,3.9,1.3,0.4,10,0.7403291488960775
17.0,5.1,3.5,1.4,0.3,10,0.8228653638490595
18.0,5.7,3.8,1.7,0.3,10,0.6604528235784767
19.0,5.1,3.8,1.5,0.3,10,0.7873178749337755
20.0,5.4,3.4,1.7,0.2,10,0.7434418981252089
21.0,5.1,3.7,1.5,0.4,10,0.7930947932993437
22.0,4.6,3.6,1.0,0.2,10,0.7581314505247074
23.0,5.1,3.3,1.7,0.5,10,0.7508168126898626
24.0,4.8,3.4,1.9,0.2,10,0.7265713665215293
25.0,5.0,3.0,1.6,0.2,10,0.7590682251959391
26.0,5.0,3.4,1.6,0.4,10,0.799730247197742
27.0,5.2,3.5,1.5,0.2,10,0.8124723158489262
28.0,5.2,3.4,1.4,0.2,10,0.8151421942368083
29.0,4.7,3.2,1.6,0.2,10,0.7816302218556028
30.0,4.8,3.1,1.6,0.2,10,0.7787827134175793
31.0,5.4,3.4,1.5,0.4,10,0.762153280920874
32.0,5.2,4.1,1.5,0.1,10,0.7250885577690901
33.0,5.5,4.2,1.4,0.2,10,0.683353033469854
34.0,4.9,3.1,1.5,0.1,10,0.7946610551390663
35.0,5.0,3.2,1.2,0.2,10,0.8028505334586519
36.0,5.5,3.5,1.3,0.2,10,0.7603706013933461
37.0,4.9,3.1,1.5,0.1,10,0.7946610551390663
38.0,4.4,3.0,1.3,0.2,10,0.7250015615445744
39.0,5.1,3.4,1.5,0.2,10,0.8218848819157157
40.0,5.0,3.5,1.3,0.3,10,0.821270675956566
41.0,4.5,2.3,1.3,0.3,10,0.56710461368661
42.0,4.4,3.2,1.3,0.2,10,0.7468625477252677
43.0,5.0,3.5,1.6,0.6,10,0.7598880099842161
44.0,5.1,3.8,1.9,0.4,10,0.6974792320631801
45.0,4.8,3.0,1.4,0.3,10,0.773352602299111
46.0,5.1,3.8,1.6,0.2,10,0.7788681945921752
47.0,4.6,3.2,1.4,0.2,10,0.784738104854002
48.0,5.3,3.7,1.5,0.2,10,0.785977512632093
49.0,5.0,3.3,1.4,0.2,10,0.824721311619538
50.0,7.0,3.2,4.7,1.4,12,0.17763861494919236
51.0,6.4,3.2,4.5,1.5,12,0.4348330633495142
52.0,6.9,3.1,4.9,1.5,12,0.0872406605517408
53.0,5.5,2.3,4.0,1.3,11,0.5044462011998951
54.0,6.5,2.8,4.6,1.5,12,0.4589516197259823
55.0,5.7,2.8,4.5,1.3,11,0.07636507876896768
56.0,6.3,3.3,4.7,1.6,12,0.3415289204400735
57.0,4.9,2.4,3.3,1.0,11,0.5039828765822979
58.0,6.6,2.9,4.6,1.3,12,0.4378776392177897
59.0,5.2,2.7,3.9,1.4,11,0.5226166212439411
60.0,5.0,2.0,3.5,1.0,11,0.4825509607940679
61.0,5.9,3.0,4.2,1.5,12,-0.055595108650510434
62.0,6.0,2.2,4.0,1.0,11,0.30850435035978413
63.0,6.1,2.9,4.7,1.4,12,0.44476531329036584
64.0,5.6,2.9,3.6,1.3,11,0.48320095596582874
65.0,6.7,3.1,4.4,1.4,12,0.39429005809333095
66.0,5.6,3.0,4.5,1.5,11,0.0032351596697426676
67.0,5.8,2.7,4.1,1.0,11,0.40509564062603665
68.0,6.2,2.2,4.5,1.5,12,0.21028184309196488
69.0,5.6,2.5,3.9,1.1,11,0.560183101559585
70.0,5.9,3.2,4.8,1.8,12,0.3155404732355705
71.0,6.1,2.8,4.0,1.3,12,-0.17762747781228144
72.0,6.3,2.5,4.9,1.5,12,0.3888396997450987
73.0,6.1,2.8,4.7,1.2,12,0.3453154528676435
74.0,6.4,2.9,4.3,1.3,12,0.3100723493087531
75.0,6.6,3.0,4.4,1.4,12,0.43044718282877176
76.0,6.8,2.8,4.8,1.4,12,0.27759993015322476
77.0,6.7,3.0,5.0,1.7,14,-0.01277457146321513
78.0,6.0,2.9,4.5,1.5,12,0.3051688136471272
79.0,5.7,2.6,3.5,1.0,11,0.5094202011149206
80.0,5.5,2.4,3.8,1.1,11,0.5727343272098656
81.0,5.5,2.4,3.7,1.0,11,0.5645222996148453
82.0,5.8,2.7,3.9,1.2,11,0.468368944092677
83.0,6.0,2.7,5.1,1.6,12,0.3126860811724586
84.0,5.4,3.0,4.5,1.5,11,0.13577691686398188
85.0,6.0,3.4,4.5,1.6,12,0.3046090753337484
86.0,6.7,3.1,4.7,1.5,12,0.3014328536227213
87.0,6.3,2.3,4.4,1.3,12,0.1703962335228498
88.0,5.6,3.0,4.1,1.3,11,0.38760903541728114
89.0,5.5,2.5,4.0,1.3,11,0.5410118419278914
90.0,5.5,2.6,4.4,1.2,11,0.3527527913612353
91.0,6.1,3.0,4.6,1.4,12,0.40485105752720757
92.0,5.8,2.6,4.0,1.2,11,0.4537335092066813
93.0,5.0,2.3,3.3,1.0,11,0.5102302422969884
94.0,5.6,2.7,4.2,1.3,11,0.4324351470722581
95.0,5.7,3.0,4.2,1.2,11,0.30838398444680104
96.0,5.7,2.9,4.2,1.3,11,0.32864388284431234
97.0,6.2,2.9,4.3,1.3,12,0.20864134976038945
98.0,5.1,2.5,3.0,1.1,11,0.4315063431301165
99.0,5.7,2.8,4.1,1.3,11,0.41954479702348085
100.0,6.3,3.3,6.0,2.5,14,0.41289244820117205
101.0,5.8,2.7,5.1,1.9,12,0.2212236930946163
102.0,7.1,3.0,5.9,2.1,13,-0.039230274273601144
103.0,6.3,2.9,5.6,1.8,14,0.3811010353789297
104.0,6.5,3.0,5.8,2.2,14,0.5516640771493003
105.0,7.6,3.0,6.6,2.1,13,0.5425167516415421
106.0,4.9,2.5,4.5,1.7,11,0.24229943310590135
107.0,7.3,2.9,6.3,1.8,13,0.4170961642367978
108.0,6.7,2.5,5.8,1.8,14,0.3018142799145245
109.0,7.2,3.6,6.1,2.5,13,0.13600394518330944
110.0,6.5,3.2,5.1,2.0,14,0.303059429155594
111.0,6.4,2.7,5.3,1.9,14,0.23081676403273105
112.0,6.8,3.0,5.5,2.1,14,0.5579753691480096
113.0,5.7,2.5,5.0,2.0,12,0.23789016774182492
114.0,5.8,2.8,5.1,2.4,12,-0.06676599027758262
115.0,6.4,3.2,5.3,2.3,14,0.5009921432497662
116.0,6.5,3.0,5.5,1.8,14,0.44648824500434997
117.0,7.7,3.8,6.7,2.2,13,0.4313771580390556
118.0,7.7,2.6,6.9,2.3,13,0.4424050597536282
119.0,6.0,2.2,5.0,1.5,12,0.3206944710774065
120.0,6.9,3.2,5.7,2.3,14,0.39189656974198667
121.0,5.6,2.8,4.9,2.0,12,0.26650435000253936
122.0,7.7,2.8,6.7,2.0,13,0.5204258554569304
123.0,6.3,2.7,4.9,1.8,12,0.2845761254973827
124.0,6.7,3.3,5.7,2.1,14,0.4989907417490779
125.0,7.2,3.2,6.0,1.8,13,0.21737176024532529
126.0,6.2,2.8,4.8,1.8,12,0.3741344977200767
127.0,6.1,3.0,4.9,1.8,12,0.3003395349410573
128.0,6.4,2.8,5.6,2.1,14,0.5166103191643606
129.0,7.2,3.0,5.8,1.6,13,0.04420817564175413
130.0,7.4,2.8,6.1,1.9,13,0.3799715081387682
131.0,7.9,3.8,6.4,2.0,13,0.4304776866734342
132.0,6.4,2.8,5.6,2.2,14,0.530023948261208
133.0,6.3,2.8,5.1,1.5,12,0.25459747680514716
134.0,6.1,2.6,5.6,1.4,12,-0.012917128702091833
135.0,7.7,3.0,6.1,2.3,13,0.4353223670996551
136.0,6.3,3.4,5.6,2.4,14,0.523400621032227
137.0,6.4,3.1,5.5,1.8,14,0.42388686628175354
138.0,6.0,3.0,4.8,1.8,12,0.3746657277512211
139.0,6.9,3.1,5.4,2.1,14,0.5164962110001607
140.0,6.7,3.1,5.6,2.4,14,0.5554872060683228
141.0,6.9,3.1,5.1,2.3,14,0.4220002854766699
142.0,5.8,2.7,5.1,1.9,12,0.2212236930946163
143.0,6.8,3.2,5.9,2.3,14,0.3267395128330369
144.0,6.7,3.3,5.7,2.5,14,0.46426412898553737
145.0,6.7,3.0,5.2,2.3,14,0.48664625695437014
146.0,6.3,2.5,5.0,1.9,12,0.15518330348802464
147.0,6.5,3.0,5.2,2.0,14,0.3743386768792524
148.0,6.2,3.4,5.4,2.3,14,0.4380207783258117
149.0,5.9,3.0,5.1,1.8,12,0.18957830957587968
0.0,5.1,3.5,1.4,0.2,17,0.3364380103628246
1.0,4.9,3.0,1.4,0.2,20,0.5001437633547968
2.0,4.7,3.2,1.3,0.2,20,0.5250415040289258
3.0,4.6,3.1,1.5,0.2,20,0.5888260926657883
4.0,5.0,3.6,1.4,0.2,17,0.3040400981622614
5.0,5.4,3.9,1.7,0.4,17,0.5243240582855675
6.0,4.6,3.4,1.4,0.3,20,0.37868619348774996
7.0,5.0,3.4,1.5,0.2,17,0.06917959067459993
8.0,4.4,2.9,1.4,0.2,20,0.5644660557249961
9.0,4.9,3.1,1.5,0.1,20,0.47717612249441965
10.0,5.4,3.7,1.5,0.2,17,0.5477595518059024
11.0,4.8,3.4,1.6,0.2,20,0.20728836259937358
12.0,4.8,3.0,1.4,0.1,20,0.5603339372319301
13.0,4.3,3.0,1.1,0.1,20,0.4951845090055974
14.0,5.8,4.0,1.2,0.2,17,0.43807157870638935
15.0,5.7,4.4,1.5,0.4,17,0.42819217384578306
16.0,5.4,3.9,1.3,0.4,17,0.5122590255504631
17.0,5.1,3.5,1.4,0.3,17,0.3564340939146668
18.0,5.7,3.8,1.7,0.3,17,0.4892348577055459
19.0,5.1,3.8,1.5,0.3,17,0.49159834819057135
20.0,5.4,3.4,1.7,0.2,17,0.3777403044617454
21.0,5.1,3.7,1.5,0.4,17,0.47073611416809436
22.0,4.6,3.6,1.0,0.2,20,0.16399240436003432
23.0,5.1,3.3,1.7,0.5,17,0.12729988488258007
24.0,4.8,3.4,1.9,0.2,20,0.09718943642471255
25.0,5.0,3.0,1.6,0.2,20,0.3659954094631806
26.0,5.0,3.4,1.6,0.4,17,0.13154223161404577
27.0,5.2,3.5,1.5,0.2,17,0.4294211031920588
28.0,5.2,3.4,1.4,0.2,17,0.3104767720230149
29.0,4.7,3.2,1.6,0.2,20,0.49850240968955145
30.0,4.8,3.1,1.6,0.2,20,0.5040099127858073
31.0,5.4,3.4,1.5,0.4,17,0.41098856009279033
32.0,5.2,4.1,1.5,0.1,17,0.4561155888070304
33.0,5.5,4.2,1.4,0.2,17,0.47792953584421616
34.0,4.9,3.1,1.5,0.1,20,0.47717612249441965
35.0,5.0,3.2,1.2,0.2,20,0.23176645756649988
36.0,5.5,3.5,1.3,0.2,17,0.4296823333403402
37.0,4.9,3.1,1.5,0.1,20,0.47717612249441965
38.0,4.4,3.0,1.3,0.2,20,0.5675497860441588
39.0,5.1,3.4,1.5,0.2,17,0.23073656195943087
40.0,5.0,3.5,1.3,0.3,17,0.18808774166535844
41.0,4.5,2.3,1.3,0.3,20,0.40783575531550076
42.0,4.4,3.2,1.3,0.2,20,0.530303847642206
43.0,5.0,3.5,1.6,0.6,17,0.22593242673122862
44.0,5.1,3.8,1.9,0.4,17,0.38480480564147274
45.0,4.8,3.0,1.4,0.3,20,0.5352863839796321
46.0,5.1,3.8,1.6,0.2,17,0.47163759630221436
47.0,4.6,3.2,1.4,0.2,20,0.5645321565387746
48.0,5.3,3.7,1.5,0.2,17,0.5452770182576752
49.0,5.0,3.3,1.4,0.2,17,-0.14610173409551566
50.0,7.0,3.2,4.7,1.4,15,0.17763861494919236
51.0,6.4,3.2,4.5,1.5,15,0.4348330633495142
52.0,6.9,3.1,4.9,1.5,15,0.0872406605517408
53.0,5.5,2.3,4.0,1.3,16,0.5044462011998951
54.0,6.5,2.8,4.6,1.5,15,0.4589516197259823
55.0,5.7,2.8,4.5,1.3,16,0.07636507876896768
56.0,6.3,3.3,4.7,1.6,15,0.3415289204400735
57.0,4.9,2.4,3.3,1.0,16,0.5039828765822979
58.0,6.6,2.9,4.6,1.3,15,0.4378776392177897
59.0,5.2,2.7,3.9,1.4,16,0.5226166212439411
60.0,5.0,2.0,3.5,1.0,16,0.4825509607940679
61.0,5.9,3.0,4.2,1.5,15,-0.055595108650510434
62.0,6.0,2.2,4.0,1.0,16,0.30850435035978413
63.0,6.1,2.9,4.7,1.4,15,0.44476531329036584
64.0,5.6,2.9,3.6,1.3,16,0.48320095596582874
65.0,6.7,3.1,4.4,1.4,15,0.39429005809333095
66.0,5.6,3.0,4.5,1.5,16,0.0032351596697426676
67.0,5.8,2.7,4.1,1.0,16,0.40509564062603665
68.0,6.2,2.2,4.5,1.5,15,0.21028184309196488
69.0,5.6,2.5,3.9,1.1,16,0.560183101559585
70.0,5.9,3.2,4.8,1.8,15,0.3155404732355705
71.0,6.1,2.8,4.0,1.3,15,-0.17762747781228144
72.0,6.3,2.5,4.9,1.5,15,0.3888396997450987
73.0,6.1,2.8,4.7,1.2,15,0.3453154528676435
74.0,6.4,2.9,4.3,1.3,15,0.3100723493087531
75.0,6.6,3.0,4.4,1.4,15,0.43044718282877176
76.0,6.8,2.8,4.8,1.4,15,0.27759993015322476
77.0,6.7,3.0,5.0,1.7,19,-0.01277457146321513
78.0,6.0,2.9,4.5,1.5,15,0.3051688136471272
79.0,5.7,2.6,3.5,1.0,16,0.5094202011149206
80.0,5.5,2.4,3.8,1.1,16,0.5727343272098656
81.0,5.5,2.4,3.7,1.0,16,0.5645222996148453
82.0,5.8,2.7,3.9,1.2,16,0.468368944092677
83.0,6.0,2.7,5.1,1.6,15,0.3126860811724586
84.0,5.4,3.0,4.5,1.5,16,0.13577691686398188
85.0,6.0,3.4,4.5,1.6,15,0.3046090753337484
86.0,6.7,3.1,4.7,1.5,15,0.3014328536227213
87.0,6.3,2.3,4.4,1.3,15,0.1703962335228498
88.0,5.6,3.0,4.1,1.3,16,0.38760903541728114
89.0,5.5,2.5,4.0,1.3,16,0.5410118419278914
90.0,5.5,2.6,4.4,1.2,16,0.3527527913612353
91.0,6.1,3.0,4.6,1.4,15,0.40485105752720757
92.0,5.8,2.6,4.0,1.2,16,0.4537335092066813
93.0,5.0,2.3,3.3,1.0,16,0.5102302422969884
94.0,5.6,2.7,4.2,1.3,16,0.4324351470722581
95.0,5.7,3.0,4.2,1.2,16,0.30838398444680104
96.0,5.7,2.9,4.2,1.3,16,0.32864388284431234
97.0,6.2,2.9,4.3,1.3,15,0.20864134976038945
98.0,5.1,2.5,3.0,1.1,16,0.4152365748537484
99.0,5.7,2.8,4.1,1.3,16,0.41954479702348085
100.0,6.3,3.3,6.0,2.5,19,0.41289244820117205
101.0,5.8,2.7,5.1,1.9,15,0.2212236930946163
102.0,7.1,3.0,5.9,2.1,18,-0.039230274273601144
103.0,6.3,2.9,5.6,1.8,19,0.3811010353789297
104.0,6.5,3.0,5.8,2.2,19,0.5516640771493003
105.0,7.6,3.0,6.6,2.1,18,0.5425167516415421
106.0,4.9,2.5,4.5,1.7,16,0.24229943310590135
107.0,7.3,2.9,6.3,1.8,18,0.4170961642367978
108.0,6.7,2.5,5.8,1.8,19,0.3018142799145245
109.0,7.2,3.6,6.1,2.5,18,0.13600394518330944
110.0,6.5,3.2,5.1,2.0,19,0.303059429155594
111.0,6.4,2.7,5.3,1.9,19,0.23081676403273105
112.0,6.8,3.0,5.5,2.1,19,0.5579753691480096
113.0,5.7,2.5,5.0,2.0,15,0.23789016774182492
114.0,5.8,2.8,5.1,2.4,15,-0.06676599027758262
115.0,6.4,3.2,5.3,2.3,19,0.5009921432497662
116.0,6.5,3.0,5.5,1.8,19,0.44648824500434997
117.0,7.7,3.8,6.7,2.2,18,0.4313771580390556
118.0,7.7,2.6,6.9,2.3,18,0.4424050597536282
119.0,6.0,2.2,5.0,1.5,15,0.3206944710774065
120.0,6.9,3.2,5.7,2.3,19,0.39189656974198667
121.0,5.6,2.8,4.9,2.0,15,0.26650435000253936
122.0,7.7,2.8,6.7,2.0,18,0.5204258554569304
123.0,6.3,2.7,4.9,1.8,15,0.2845761254973827
124.0,6.7,3.3,5.7,2.1,19,0.4989907417490779
125.0,7.2,3.2,6.0,1.8,18,0.21737176024532529
126.0,6.2,2.8,4.8,1.8,15,0.3741344977200767
127.0,6.1,3.0,4.9,1.8,15,0.3003395349410573
128.0,6.4,2.8,5.6,2.1,19,0.5166103191643606
129.0,7.2,3.0,5.8,1.6,18,0.04420817564175413
130.0,7.4,2.8,6.1,1.9,18,0.3799715081387682
131.0,7.9,3.8,6.4,2.0,18,0.4304776866734342
132.0,6.4,2.8,5.6,2.2,19,0.530023948261208
133.0,6.3,2.8,5.1,1.5,15,0.25459747680514716
134.0,6.1,2.6,5.6,1.4,15,-0.012917128702091833
135.0,7.7,3.0,6.1,2.3,18,0.4353223670996551
136.0,6.3,3.4,5.6,2.4,19,0.523400621032227
137.0,6.4,3.1,5.5,1.8,19,0.42388686628175354
138.0,6.0,3.0,4.8,1.8,15,0.3746657277512211
139.0,6.9,3.1,5.4,2.1,19,0.5164962110001607
140.0,6.7,3.1,5.6,2.4,19,0.5554872060683228
141.0,6.9,3.1,5.1,2.3,19,0.4220002854766699
142.0,5.8,2.7,5.1,1.9,15,0.2212236930946163
143.0,6.8,3.2,5.9,2.3,19,0.3267395128330369
144.0,6.7,3.3,5.7,2.5,19,0.46426412898553737
145.0,6.7,3.0,5.2,2.3,19,0.48664625695437014
146.0,6.3,2.5,5.0,1.9,15,0.15518330348802464
147.0,6.5,3.0,5.2,2.0,19,0.3743386768792524
148.0,6.2,3.4,5.4,2.3,19,0.4380207783258117
149.0,5.9,3.0,5.1,1.8,15,0.18957830957587968
0.0,5.1,3.5,1.4,0.2,21,0.8511335793982949
1.0,4.9,3.0,1.4,0.2,21,0.8287854632505419
2.0,4.7,3.2,1.3,0.2,21,0.836034606822658
3.0,4.6,3.1,1.5,0.2,21,0.82048069252374
4.0,5.0,3.6,1.4,0.2,21,0.8469060082971686
5.0,5.4,3.9,1.7,0.4,21,0.7656324516298387
6.0,4.6,3.4,1.4,0.3,21,0.8288913123272382
7.0,5.0,3.4,1.5,0.2,21,0.8546379528332192
8.0,4.4,2.9,1.4,0.2,21,0.7785931368899726
9.0,4.9,3.1,1.5,0.1,21,0.8374063440387319
10.0,5.4,3.7,1.5,0.2,21,0.8091953042434639
11.0,4.8,3.4,1.6,0.2,21,0.8420069303969618
12.0,4.8,3.0,1.4,0.1,21,0.8246397021463207
13.0,4.3,3.0,1.1,0.1,21,0.7680314352292981
14.0,5.8,4.0,1.2,0.2,21,0.7191659917928801
15.0,5.7,4.4,1.5,0.4,21,0.6688056025049685
16.0,5.4,3.9,1.3,0.4,21,0.7834193051355786
17.0,5.1,3.5,1.4,0.3,21,0.8500025480211056
18.0,5.7,3.8,1.7,0.3,21,0.731933932607534
19.0,5.1,3.8,1.5,0.3,21,0.822769528147239
20.0,5.4,3.4,1.7,0.2,21,0.8010632366044934
21.0,5.1,3.7,1.5,0.4,21,0.8289321401131489
22.0,4.6,3.6,1.0,0.2,21,0.7994260987062751
23.0,5.1,3.3,1.7,0.5,21,0.8131541709205035
24.0,4.8,3.4,1.9,0.2,21,0.798533458681725
25.0,5.0,3.0,1.6,0.2,21,0.8183891700915721
26.0,5.0,3.4,1.6,0.4,21,0.8406154651744024
27.0,5.2,3.5,1.5,0.2,21,0.8433659795250631
28.0,5.2,3.4,1.4,0.2,21,0.8449828009705286
29.0,4.7,3.2,1.6,0.2,21,0.8308596934502862
30.0,4.8,3.1,1.6,0.2,21,0.8302776136579139
31.0,5.4,3.4,1.5,0.4,21,0.8109300207536722
32.0,5.2,4.1,1.5,0.1,21,0.7719173169737777
33.0,5.5,4.2,1.4,0.2,21,0.7360265011787668
34.0,4.9,3.1,1.5,0.1,21,0.8374063440387319
35.0,5.0,3.2,1.2,0.2,21,0.8368399677895418
36.0,5.5,3.5,1.3,0.2,21,0.8021735147740392
37.0,4.9,3.1,1.5,0.1,21,0.8374063440387319
38.0,4.4,3.0,1.3,0.2,21,0.7893061414324998
39.0,5.1,3.4,1.5,0.2,21,0.8516244166181788
40.0,5.0,3.5,1.3,0.3,21,0.8479199563837209
41.0,4.5,2.3,1.3,0.3,21,0.6914218878312308
42.0,4.4,3.2,1.3,0.2,21,0.801682612780537
43.0,5.0,3.5,1.6,0.6,21,0.8138848815540302
44.0,5.1,3.8,1.9,0.4,21,0.770213037567978
45.0,4.8,3.0,1.4,0.3,21,0.8244792197230543
46.0,5.1,3.8,1.6,0.2,21,0.8178867179671526
47.0,4.6,3.2,1.4,0.2,21,0.829029503879693
48.0,5.3,3.7,1.5,0.2,21,0.82155636362888
49.0,5.0,3.3,1.4,0.2,21,0.8536286582081197
50.0,7.0,3.2,4.7,1.4,22,0.6572796683865773
51.0,6.4,3.2,4.5,1.5,22,0.6726409959598061
52.0,6.9,3.1,4.9,1.5,22,0.6987151600622796
53.0,5.5,2.3,4.0,1.3,22,0.4505921345044207
54.0,6.5,2.8,4.6,1.5,22,0.7019579862351075
55.0,5.7,2.8,4.5,1.3,22,0.6261548808511123
56.0,6.3,3.3,4.7,1.6,22,0.6953361241834604
57.0,4.9,2.4,3.3,1.0,21,0.07437179821447604
58.0,6.6,2.9,4.6,1.3,22,0.6794830332332921
59.0,5.2,2.7,3.9,1.4,22,0.37046135597504537
60.0,5.0,2.0,3.5,1.0,22,0.06827967731335577
61.0,5.9,3.0,4.2,1.5,22,0.6000918692821905
62.0,6.0,2.2,4.0,1.0,22,0.4622317769815006
63.0,6.1,2.9,4.7,1.4,22,0.7029714731561016
64.0,5.6,2.9,3.6,1.3,22,0.2987543892932777
65.0,6.7,3.1,4.4,1.4,22,0.6434307416664902
66.0,5.6,3.0,4.5,1.5,22,0.6220312893675862
67.0,5.8,2.7,4.1,1.0,22,0.49822711548809945
68.0,6.2,2.2,4.5,1.5,22,0.6429548669061945
69.0,5.6,2.5,3.9,1.1,22,0.4140252585004908
70.0,5.9,3.2,4.8,1.8,22,0.6958073418372235
71.0,6.1,2.8,4.0,1.3,22,0.5443480823907609
72.0,6.3,2.5,4.9,1.5,22,0.717630198255835
73.0,6.1,2.8,4.7,1.2,22,0.6789996693857213
74.0,6.4,2.9,4.3,1.3,22,0.6326024567729432
75.0,6.6,3.0,4.4,1.4,22,0.6545128068091595
76.0,6.8,2.8,4.8,1.4,22,0.6971419374550508
77.0,6.7,3.0,5.0,1.7,22,0.7333851818515377
78.0,6.0,2.9,4.5,1.5,22,0.6779170705881794
79.0,5.7,2.6,3.5,1.0,22,0.21469151066268788
80.0,5.5,2.4,3.8,1.1,22,0.35032650578990226
81.0,5.5,2.4,3.7,1.0,22,0.2836046712870473
82.0,5.8,2.7,3.9,1.2,22,0.4663588753511658
83.0,6.0,2.7,5.1,1.6,22,0.7283966305946995
84.0,5.4,3.0,4.5,1.5,22,0.5832270839431525
85.0,6.0,3.4,4.5,1.6,22,0.6383065692072353
86.0,6.7,3.1,4.7,1.5,22,0.6966194378516416
87.0,6.3,2.3,4.4,1.3,22,0.6240445549319277
88.0,5.6,3.0,4.1,1.3,22,0.5071616182230442
89.0,5.5,2.5,4.0,1.3,22,0.462765463860656
90.0,5.5,2.6,4.4,1.2,22,0.5580486737676419
91.0,6.1,3.0,4.6,1.4,22,0.6878756761167836
92.0,5.8,2.6,4.0,1.2,22,0.5019333641550752
93.0,5.0,2.3,3.3,1.0,21,0.04286161420906248
94.0,5.6,2.7,4.2,1.3,22,0.5471992807681648
95.0,5.7,3.0,4.2,1.2,22,0.5398934656278634
96.0,5.7,2.9,4.2,1.3,22,0.5607581355870247
97.0,6.2,2.9,4.3,1.3,22,0.6309796927156762
98.0,5.1,2.5,3.0,1.1,21,0.1940570424592514
99.0,5.7,2.8,4.1,1.3,22,0.5351071860895138
100.0,6.3,3.3,6.0,2.5,22,0.6778770435294157
101.0,5.8,2.7,5.1,1.9,22,0.7130302565936338
102.0,7.1,3.0,5.9,2.1,22,0.698148899917887
103.0,6.3,2.9,5.6,1.8,22,0.7379644063549045
104.0,6.5,3.0,5.8,2.2,22,0.7219494799971784
105.0,7.6,3.0,6.6,2.1,22,0.6230980239832996
106.0,4.9,2.5,4.5,1.7,22,0.48383955515113714
107.0,7.3,2.9,6.3,1.8,22,0.6606365184753181
108.0,6.7,2.5,5.8,1.8,22,0.711005206943204
109.0,7.2,3.6,6.1,2.5,22,0.6423765560620652
110.0,6.5,3.2,5.1,2.0,22,0.7350102638425486
111.0,6.4,2.7,5.3,1.9,22,0.7472173158381908
112.0,6.8,3.0,5.5,2.1,22,0.7320252261249119
113.0,5.7,2.5,5.0,2.0,22,0.6845958615660768
114.0,5.8,2.8,5.1,2.4,22,0.6834991603327416
115.0,6.4,3.2,5.3,2.3,22,0.7232685906528576
116.0,6.5,3.0,5.5,1.8,22,0.7440930007454265
117.0,7.7,3.8,6.7,2.2,22,0.582005041238974
118.0,7.7,2.6,6.9,2.3,22,0.5932199387164003
119.0,6.0,2.2,5.0,1.5,22,0.6790503450469874
120.0,6.9,3.2,5.7,2.3,22,0.7069467418955274
121.0,5.6,2.8,4.9,2.0,22,0.6759825315168745
122.0,7.7,2.8,6.7,2.0,22,0.6103604109974753
123.0,6.3,2.7,4.9,1.8,22,0.7392818854913297
124.0,6.7,3.3,5.7,2.1,22,0.7170018496959204
125.0,7.2,3.2,6.0,1.8,22,0.6805090036891586
126.0,6.2,2.8,4.8,1.8,22,0.7328157484123943
127.0,6.1,3.0,4.9,1.8,22,0.7331457714706475
128.0,6.4,2.8,5.6,2.1,22,0.7359945059482418
129.0,7.2,3.0,5.8,1.6,22,0.6877457425079772
130.0,7.4,2.8,6.1,1.9,22,0.6663053224545396
131.0,7.9,3.8,6.4,2.0,22,0.5818079982101851
132.0,6.4,2.8,5.6,2.2,22,0.7313466448912942
133.0,6.3,2.8,5.1,1.5,22,0.7385803127800187
134.0,6.1,2.6,5.6,1.4,22,0.7033206064846939
135.0,7.7,3.0,6.1,2.3,22,0.6368711183638969
136.0,6.3,3.4,5.6,2.4,22,0.6969088619947145
137.0,6.4,3.1,5.5,1.8,22,0.7406453988569605
138.0,6.0,3.0,4.8,1.8,22,0.718844597796627
139.0,6.9,3.1,5.4,2.1,22,0.7243522261111435
140.0,6.7,3.1,5.6,2.4,22,0.7149825910044343
141.0,6.9,3.1,5.1,2.3,22,0.7060075305497537
142.0,5.8,2.7,5.1,1.9,22,0.7130302565936338
143.0,6.8,3.2,5.9,2.3,22,0.7017440748614401
144.0,6.7,3.3,5.7,2.5,22,0.695822498516662
145.0,6.7,3.0,5.2,2.3,22,0.7242168906781252
146.0,6.3,2.5,5.0,1.9,22,0.7301116089356622
147.0,6.5,3.0,5.2,2.0,22,0.7472090776266814
148.0,6.2,3.4,5.4,2.3,22,0.7024623242613646
149.0,5.9,3.0,5.1,1.8,22,0.7238197629802046
0.0,5.1,3.5,1.4,0.2,24,0.8515729751897538
1.0,4.9,3.0,1.4,0.2,24,0.8178870028010765
2.0,4.7,3.2,1.3,0.2,24,0.8300872946333228
3.0,4.6,3.1,1.5,0.2,24,0.8065907971261842
4.0,5.0,3.6,1.4,0.2,24,0.84699565083474
5.0,5.4,3.9,1.7,0.4,24,0.7462844418851987
6.0,4.6,3.4,1.4,0.3,24,0.821079601662342
7.0,5.0,3.4,1.5,0.2,24,0.8534074840870819
8.0,4.4,2.9,1.4,0.2,24,0.7538481798044994
9.0,4.9,3.1,1.5,0.1,24,0.8289530198448386
10.0,5.4,3.7,1.5,0.2,24,0.8015054231620291
11.0,4.8,3.4,1.6,0.2,24,0.8356395736574853
12.0,4.8,3.0,1.4,0.1,24,0.8132517649410048
13.0,4.3,3.0,1.1,0.1,24,0.7470769573769689
14.0,5.8,4.0,1.2,0.2,24,0.7009108642268829
15.0,5.7,4.4,1.5,0.4,24,0.6414939180355239
16.0,5.4,3.9,1.3,0.4,24,0.773547537612687
17.0,5.1,3.5,1.4,0.3,24,0.8496457876481873
18.0,5.7,3.8,1.7,0.3,24,0.7054852329871827
19.0,5.1,3.8,1.5,0.3,24,0.8178353955804504
20.0,5.4,3.4,1.7,0.2,24,0.784131481869959
21.0,5.1,3.7,1.5,0.4,24,0.823789302505601
22.0,4.6,3.6,1.0,0.2,24,0.7915787464046204
23.0,5.1,3.3,1.7,0.5,24,0.7942225455099963
24.0,4.8,3.4,1.9,0.2,24,0.7752162522944945
25.0,5.0,3.0,1.6,0.2,24,0.8013090829491051
26.0,5.0,3.4,1.6,0.4,24,0.8329435021075715
27.0,5.2,3.5,1.5,0.2,24,0.8409649216248535
28.0,5.2,3.4,1.4,0.2,24,0.8431416883972428
29.0,4.7,3.2,1.6,0.2,24,0.819158662784864
30.0,4.8,3.1,1.6,0.2,24,0.8173591475377775
31.0,5.4,3.4,1.5,0.4,24,0.7985474617279303
32.0,5.2,4.1,1.5,0.1,24,0.760178120788759
33.0,5.5,4.2,1.4,0.2,24,0.7199373612222998
34.0,4.9,3.1,1.5,0.1,24,0.8289530198448386
35.0,5.0,3.2,1.2,0.2,24,0.8328578834434847
36.0,5.5,3.5,1.3,0.2,24,0.7933513782824949
37.0,4.9,3.1,1.5,0.1,24,0.8289530198448386
38.0,4.4,3.0,1.3,0.2,24,0.7698255035478255
39.0,5.1,3.4,1.5,0.2,24,0.8498977835131223
40.0,5.0,3.5,1.3,0.3,24,0.8478821590057292
41.0,4.5,2.3,1.3,0.3,24,0.6413781957860556
42.0,4.4,3.2,1.3,0.2,24,0.7870711567515142
43.0,5.0,3.5,1.6,0.6,24,0.7991424979988948
44.0,5.1,3.8,1.9,0.4,24,0.7452319512012591
45.0,4.8,3.0,1.4,0.3,24,0.8116235883648492
46.0,5.1,3.8,1.6,0.2,24,0.8110626403757455
47.0,4.6,3.2,1.4,0.2,24,0.8198735047944998
48.0,5.3,3.7,1.5,0.2,24,0.8164352733057857
49.0,5.0,3.3,1.4,0.2,24,0.8523789483707408
50.0,7.0,3.2,4.7,1.4,23,0.026722031912854
51.0,6.4,3.2,4.5,1.5,23,0.38118643018023535
52.0,6.9,3.1,4.9,1.5,25,0.05340075061494262
53.0,5.5,2.3,4.0,1.3,23,0.5929438082641092
54.0,6.5,2.8,4.6,1.5,23,0.3688532127301523
55.0,5.7,2.8,4.5,1.3,23,0.592210245596776
56.0,6.3,3.3,4.7,1.6,23,0.28232583278836465
57.0,4.9,2.4,3.3,1.0,23,0.2636514152391416
58.0,6.6,2.9,4.6,1.3,23,0.3441922320574144
59.0,5.2,2.7,3.9,1.4,23,0.5782949147741341
60.0,5.0,2.0,3.5,1.0,23,0.373364098974828
61.0,5.9,3.0,4.2,1.5,23,0.5871035398089154
62.0,6.0,2.2,4.0,1.0,23,0.5510785745880232
63.0,6.1,2.9,4.7,1.4,23,0.4821668573924732
64.0,5.6,2.9,3.6,1.3,23,0.5626823580365676
65.0,6.7,3.1,4.4,1.4,23,0.32459290669297364
66.0,5.6,3.0,4.5,1.5,23,0.5575105664739292
67.0,5.8,2.7,4.1,1.0,23,0.6107296711700769
68.0,6.2,2.2,4.5,1.5,23,0.46149897303658577
69.0,5.6,2.5,3.9,1.1,23,0.6115752990345008
70.0,5.9,3.2,4.8,1.8,23,0.32909528445464004
71.0,6.1,2.8,4.0,1.3,23,0.5896890363462509
72.0,6.3,2.5,4.9,1.5,23,0.310463010909433
73.0,6.1,2.8,4.7,1.2,23,0.49424779216314363
74.0,6.4,2.9,4.3,1.3,23,0.5000460982085444
75.0,6.6,3.0,4.4,1.4,23,0.38548959198134686
76.0,6.8,2.8,4.8,1.4,23,0.12629433075769383
77.0,6.7,3.0,5.0,1.7,25,0.11798213369615514
78.0,6.0,2.9,4.5,1.5,23,0.5529361076866391
79.0,5.7,2.6,3.5,1.0,23,0.5062025355295382
80.0,5.5,2.4,3.8,1.1,23,0.5946609362561492
81.0,5.5,2.4,3.7,1.0,23,0.5600089605032487
82.0,5.8,2.7,3.9,1.2,23,0.6197257854948715
83.0,6.0,2.7,5.1,1.6,23,0.2608729150863426
84.0,5.4,3.0,4.5,1.5,23,0.5407701288639548
85.0,6.0,3.4,4.5,1.6,23,0.41598628833420703
86.0,6.7,3.1,4.7,1.5,23,0.16655431104123067
87.0,6.3,2.3,4.4,1.3,23,0.48935747407319236
88.0,5.6,3.0,4.1,1.3,23,0.6071602340793287
89.0,5.5,2.5,4.0,1.3,23,0.6143644251445254
90.0,5.5,2.6,4.4,1.2,23,0.5956092934128282
91.0,6.1,3.0,4.6,1.4,23,0.5035272170563314
92.0,5.8,2.6,4.0,1.2,23,0.6244484796601129
93.0,5.0,2.3,3.3,1.0,23,0.29200996805908797
94.0,5.6,2.7,4.2,1.3,23,0.6275445362178325
95.0,5.7,3.0,4.2,1.2,23,0.6065744760394464
96.0,5.7,2.9,4.2,1.3,23,0.6220559874843161
97.0,6.2,2.9,4.3,1.3,23,0.557802041215055
98.0,5.1,2.5,3.0,1.1,23,0.13937137537497507
99.0,5.7,2.8,4.1,1.3,23,0.6306408062362246
100.0,6.3,3.3,6.0,2.5,25,0.4992753849243324
101.0,5.8,2.7,5.1,1.9,23,0.2322527802487684
102.0,7.1,3.0,5.9,2.1,25,0.6119363269168212
103.0,6.3,2.9,5.6,1.8,25,0.3607594160821915
104.0,6.5,3.0,5.8,2.2,25,0.557779201799951
105.0,7.6,3.0,6.6,2.1,25,0.5438427658883627
106.0,4.9,2.5,4.5,1.7,23,0.4668215132318602
107.0,7.3,2.9,6.3,1.8,25,0.5591734784026018
108.0,6.7,2.5,5.8,1.8,25,0.4407620720532486
109.0,7.2,3.6,6.1,2.5,25,0.5615225649369633
110.0,6.5,3.2,5.1,2.0,25,0.26062588377238627
111.0,6.4,2.7,5.3,1.9,25,0.22965423214094027
112.0,6.8,3.0,5.5,2.1,25,0.5550994772398644
113.0,5.7,2.5,5.0,2.0,23,0.2850306716948489
114.0,5.8,2.8,5.1,2.4,23,0.02635881242929109
115.0,6.4,3.2,5.3,2.3,25,0.39825263549628076
116.0,6.5,3.0,5.5,1.8,25,0.42110830956891687
117.0,7.7,3.8,6.7,2.2,25,0.4948659768508446
118.0,7.7,2.6,6.9,2.3,25,0.48341063458846767
119.0,6.0,2.2,5.0,1.5,23,0.32868889195000695
120.0,6.9,3.2,5.7,2.3,25,0.6070347991580222
121.0,5.6,2.8,4.9,2.0,23,0.3335594672312242
122.0,7.7,2.8,6.7,2.0,25,0.5123736572311762
123.0,6.3,2.7,4.9,1.8,23,0.2029737181471822
124.0,6.7,3.3,5.7,2.1,25,0.5801539968708431
125.0,7.2,3.2,6.0,1.8,25,0.5781832634087857
126.0,6.2,2.8,4.8,1.8,23,0.30904248625893405
127.0,6.1,3.0,4.9,1.8,23,0.25226991698579543
128.0,6.4,2.8,5.6,2.1,25,0.4543426438858175
129.0,7.2,3.0,5.8,1.6,25,0.5160882642052442
130.0,7.4,2.8,6.1,1.9,25,0.5601739791557027
131.0,7.9,3.8,6.4,2.0,25,0.4844239683214278
132.0,6.4,2.8,5.6,2.2,25,0.4625524832394814
133.0,6.3,2.8,5.1,1.5,23,0.13900038607051618
134.0,6.1,2.6,5.6,1.4,25,0.05328614244733661
135.0,7.7,3.0,6.1,2.3,25,0.5518678437669333
136.0,6.3,3.4,5.6,2.4,25,0.4554997478873908
137.0,6.4,3.1,5.5,1.8,25,0.3887791040610282
138.0,6.0,3.0,4.8,1.8,23,0.3512467348575956
139.0,6.9,3.1,5.4,2.1,25,0.5344461820401029
140.0,6.7,3.1,5.6,2.4,25,0.5702338019685383
141.0,6.9,3.1,5.1,2.3,25,0.41025548809052903
142.0,5.8,2.7,5.1,1.9,23,0.2322527802487684
143.0,6.8,3.2,5.9,2.3,25,0.6132474554289883
144.0,6.7,3.3,5.7,2.5,25,0.56707779571607
145.0,6.7,3.0,5.2,2.3,25,0.4251364843561186
146.0,6.3,2.5,5.0,1.9,23,0.10417085761263103
147.0,6.5,3.0,5.2,2.0,25,0.3149301597890685
148.0,6.2,3.4,5.4,2.3,25,0.3524537904906226
149.0,5.9,3.0,5.1,1.8,23,0.18544228735970786
0.0,5.1,3.5,1.4,0.2,27,0.8251992945879514
1.0,4.9,3.0,1.4,0.2,27,0.7815351066852363
2.0,4.7,3.2,1.3,0.2,27,0.7981302111875276
3.0,4.6,3.1,1.5,0.2,27,0.767264867610508
4.0,5.0,3.6,1.4,0.2,27,0.8202565858540053
5.0,5.4,3.9,1.7,0.4,27,0.7045641216548741
6.0,4.6,3.4,1.4,0.3,27,0.7874530203664672
7.0,5.0,3.4,1.5,0.2,27,0.8256547000445296
8.0,4.4,2.9,1.4,0.2,27,0.7043624318210883
9.0,4.9,3.1,1.5,0.1,27,0.7947165236254893
10.0,5.4,3.7,1.5,0.2,27,0.768710679451622
11.0,4.8,3.4,1.6,0.2,27,0.803256835687981
12.0,4.8,3.0,1.4,0.1,27,0.776336322114944
13.0,4.3,3.0,1.1,0.1,27,0.7017253194390509
14.0,5.8,4.0,1.2,0.2,27,0.662600358949553
15.0,5.7,4.4,1.5,0.4,27,0.5984529342784877
16.0,5.4,3.9,1.3,0.4,27,0.7396907103860388
17.0,5.1,3.5,1.4,0.3,27,0.8226782417251327
18.0,5.7,3.8,1.7,0.3,27,0.6591480347810076
19.0,5.1,3.8,1.5,0.3,27,0.7870507799606657
20.0,5.4,3.4,1.7,0.2,27,0.7428864595807182
21.0,5.1,3.7,1.5,0.4,27,0.7928364122508463
22.0,4.6,3.6,1.0,0.2,27,0.7581953893298208
23.0,5.1,3.3,1.7,0.5,27,0.7506069889838362
24.0,4.8,3.4,1.9,0.2,27,0.7268003530416334
25.0,5.0,3.0,1.6,0.2,27,0.7590828009994336
26.0,5.0,3.4,1.6,0.4,27,0.7996305653047983
27.0,5.2,3.5,1.5,0.2,27,0.8122168215893278
28.0,5.2,3.4,1.4,0.2,27,0.8149017772946029
29.0,4.7,3.2,1.6,0.2,27,0.7818558988094193
30.0,4.8,3.1,1.6,0.2,27,0.7789531457047582
31.0,5.4,3.4,1.5,0.4,27,0.7616056422501656
32.0,5.2,4.1,1.5,0.1,27,0.7246356408400805
33.0,5.5,4.2,1.4,0.2,27,0.6824874406363101
34.0,4.9,3.1,1.5,0.1,27,0.7947165236254893
35.0,5.0,3.2,1.2,0.2,27,0.8027554717845649
36.0,5.5,3.5,1.3,0.2,27,0.7597744321885864
37.0,4.9,3.1,1.5,0.1,27,0.7947165236254893
38.0,4.4,3.0,1.3,0.2,27,0.7254731368891034
39.0,5.1,3.4,1.5,0.2,27,0.8217299993639945
40.0,5.0,3.5,1.3,0.3,27,0.8211411979920814
41.0,4.5,2.3,1.3,0.3,27,0.5679806870589064
42.0,4.4,3.2,1.3,0.2,27,0.747247113135451
43.0,5.0,3.5,1.6,0.6,27,0.7597148080056724
44.0,5.1,3.8,1.9,0.4,27,0.6971144553451677
45.0,4.8,3.0,1.4,0.3,27,0.7734838769234752
46.0,5.1,3.8,1.6,0.2,27,0.7786105198957641
47.0,4.6,3.2,1.4,0.2,27,0.7849691015074597
48.0,5.3,3.7,1.5,0.2,27,0.7855704386096759
49.0,5.0,3.3,1.4,0.2,27,0.8246437760299113
50.0,7.0,3.2,4.7,1.4,28,0.3373303664562599
51.0,6.4,3.2,4.5,1.5,28,0.4287385382226848
52.0,6.9,3.1,4.9,1.5,28,0.31902263917729007
53.0,5.5,2.3,4.0,1.3,29,0.5241369592302342
54.0,6.5,2.8,4.6,1.5,28,0.4893582336022848
55.0,5.7,2.8,4.5,1.3,29,0.11887323618643315
56.0,6.3,3.3,4.7,1.6,28,0.4816157393238056
57.0,4.9,2.4,3.3,1.0,29,0.513374537544907
58.0,6.6,2.9,4.6,1.3,28,0.45141064838859213
59.0,5.2,2.7,3.9,1.4,29,0.5347712201439686
60.0,5.0,2.0,3.5,1.0,29,0.49200302377928407
61.0,5.9,3.0,4.2,1.5,29,0.09725333132298576
62.0,6.0,2.2,4.0,1.0,29,0.353138822826513
63.0,6.1,2.9,4.7,1.4,28,0.41834656852351726
64.0,5.6,2.9,3.6,1.3,29,0.5163954175473022
65.0,6.7,3.1,4.4,1.4,28,0.39601881896278046
66.0,5.6,3.0,4.5,1.5,28,-0.07945059588259955
67.0,5.8,2.7,4.1,1.0,29,0.4513505142644311
68.0,6.2,2.2,4.5,1.5,28,0.17169221133377485
69.0,5.6,2.5,3.9,1.1,29,0.5843786020645116
70.0,5.9,3.2,4.8,1.8,28,0.4231926567956271
71.0,6.1,2.8,4.0,1.3,29,0.2329262104952898
72.0,6.3,2.5,4.9,1.5,28,0.4829632061107436
73.0,6.1,2.8,4.7,1.2,28,0.30982360101322776
74.0,6.4,2.9,4.3,1.3,28,0.24289244719976544
75.0,6.6,3.0,4.4,1.4,28,0.39548419260516593
76.0,6.8,2.8,4.8,1.4,28,0.4451615223862992
77.0,6.7,3.0,5.0,1.7,28,0.33446625615990666
78.0,6.0,2.9,4.5,1.5,28,0.25332745468709006
79.0,5.7,2.6,3.5,1.0,29,0.5386574164165558
80.0,5.5,2.4,3.8,1.1,29,0.5909705351517334
81.0,5.5,2.4,3.7,1.0,29,0.5828969878714937
82.0,5.8,2.7,3.9,1.2,29,0.5166324269917654
83.0,6.0,2.7,5.1,1.6,28,0.4981611200463294
84.0,5.4,3.0,4.5,1.5,29,0.14501955178787546
85.0,6.0,3.4,4.5,1.6,28,0.2800795051589492
86.0,6.7,3.1,4.7,1.5,28,0.48224333240696876
87.0,6.3,2.3,4.4,1.3,28,0.11471232898116153
88.0,5.6,3.0,4.1,1.3,29,0.42642384406876166
89.0,5.5,2.5,4.0,1.3,29,0.5617091051265362
90.0,5.5,2.6,4.4,1.2,29,0.37358831550668004
91.0,6.1,3.0,4.6,1.4,28,0.3680185789850121
92.0,5.8,2.6,4.0,1.2,29,0.5007769757562988
93.0,5.0,2.3,3.3,1.0,29,0.5203988111608252
94.0,5.6,2.7,4.2,1.3,29,0.464274169860347
95.0,5.7,3.0,4.2,1.2,29,0.3569498126407898
96.0,5.7,2.9,4.2,1.3,29,0.3784446664819636
97.0,6.2,2.9,4.3,1.3,28,0.11957558638949477
98.0,5.1,2.5,3.0,1.1,29,0.428387855440752
99.0,5.7,2.8,4.1,1.3,29,0.46600303391133285
100.0,6.3,3.3,6.0,2.5,26,0.37280501540914235
101.0,5.8,2.7,5.1,1.9,28,0.4440800374591419
102.0,7.1,3.0,5.9,2.1,26,0.5091002463389219
103.0,6.3,2.9,5.6,1.8,26,-0.008566736333535422
104.0,6.5,3.0,5.8,2.2,26,0.3925406986078447
105.0,7.6,3.0,6.6,2.1,26,0.4816693927100805
106.0,4.9,2.5,4.5,1.7,29,0.24333178883037432
107.0,7.3,2.9,6.3,1.8,26,0.47153373634747403
108.0,6.7,2.5,5.8,1.8,26,0.21156348553186685
109.0,7.2,3.6,6.1,2.5,26,0.4867354143716091
110.0,6.5,3.2,5.1,2.0,28,0.1666943409672131
111.0,6.4,2.7,5.3,1.9,28,0.2057678717841217
112.0,6.8,3.0,5.5,2.1,26,0.3396102308151949
113.0,5.7,2.5,5.0,2.0,28,0.34171955579600655
114.0,5.8,2.8,5.1,2.4,28,0.2711590084130104
115.0,6.4,3.2,5.3,2.3,26,0.09371908125574534
116.0,6.5,3.0,5.5,1.8,26,0.052597081526680134
117.0,7.7,3.8,6.7,2.2,26,0.4317083737938433
118.0,7.7,2.6,6.9,2.3,26,0.41894306261384207
119.0,6.0,2.2,5.0,1.5,28,0.31679795644434466
120.0,6.9,3.2,5.7,2.3,26,0.4872352182615624
121.0,5.6,2.8,4.9,2.0,28,0.31417023644949565
122.0,7.7,2.8,6.7,2.0,26,0.44598950970249734
123.0,6.3,2.7,4.9,1.8,28,0.5349770969591645
124.0,6.7,3.3,5.7,2.1,26,0.4231884725234322
125.0,7.2,3.2,6.0,1.8,26,0.4709928313901435
126.0,6.2,2.8,4.8,1.8,28,0.5425042018185917
127.0,6.1,3.0,4.9,1.8,28,0.5436868888258679
128.0,6.4,2.8,5.6,2.1,26,0.1753090180815969
129.0,7.2,3.0,5.8,1.6,26,0.35449277335169566
130.0,7.4,2.8,6.1,1.9,26,0.46517106420798304
131.0,7.9,3.8,6.4,2.0,26,0.4121150990944168
132.0,6.4,2.8,5.6,2.2,26,0.20695473869736972
133.0,6.3,2.8,5.1,1.5,28,0.49821645987562346
134.0,6.1,2.6,5.6,1.4,28,0.23728622936155844
135.0,7.7,3.0,6.1,2.3,26,0.47732347679993353
136.0,6.3,3.4,5.6,2.4,26,0.2671935770417427
137.0,6.4,3.1,5.5,1.8,26,0.010630003088392955
138.0,6.0,3.0,4.8,1.8,28,0.4894153076604494
139.0,6.9,3.1,5.4,2.1,26,0.30922000598197186
140.0,6.7,3.1,5.6,2.4,26,0.4175286954161676
141.0,6.9,3.1,5.1,2.3,26,0.12853781698566108
142.0,5.8,2.7,5.1,1.9,28,0.4440800374591419
143.0,6.8,3.2,5.9,2.3,26,0.5117139305382495
144.0,6.7,3.3,5.7,2.5,26,0.44338260010589414
145.0,6.7,3.0,5.2,2.3,26,0.1208563865599101
146.0,6.3,2.5,5.0,1.9,28,0.44047672830370144
147.0,6.5,3.0,5.2,2.0,28,0.12389247321337758
148.0,6.2,3.4,5.4,2.3,26,0.08538486217760384
149.0,5.9,3.0,5.1,1.8,28,0.46971569756366977
0.0,5.1,3.5,1.4,0.2,32,0.8233900435982855
1.0,4.9,3.0,1.4,0.2,32,0.7787571644860122
2.0,4.7,3.2,1.3,0.2,32,0.7957714082759098
3.0,4.6,3.1,1.5,0.2,32,0.7642979755388548
4.0,5.0,3.6,1.4,0.2,32,0.8184555692784511
5.0,5.4,3.9,1.7,0.4,32,0.7021415129109354
6.0,4.6,3.4,1.4,0.3,32,0.785060419025879
7.0,5.0,3.4,1.5,0.2,32,0.8237016990594018
8.0,4.4,2.9,1.4,0.2,32,0.7005177928799576
9.0,4.9,3.1,1.5,0.1,32,0.792145535217895
10.0,5.4,3.7,1.5,0.2,32,0.7666233766671587
11.0,4.8,3.4,1.6,0.2,32,0.8009649933408418
12.0,4.8,3.0,1.4,0.1,32,0.7735153006219112
13.0,4.3,3.0,1.1,0.1,32,0.6982862290067926
14.0,5.8,4.0,1.2,0.2,32,0.6603809517951388
15.0,5.7,4.4,1.5,0.4,32,0.596395667901724
16.0,5.4,3.9,1.3,0.4,32,0.7376365288913205
17.0,5.1,3.5,1.4,0.3,32,0.8208309500958534
18.0,5.7,3.8,1.7,0.3,32,0.6564525373768807
19.0,5.1,3.8,1.5,0.3,32,0.7851056291675702
20.0,5.4,3.4,1.7,0.2,32,0.7400672530404097
21.0,5.1,3.7,1.5,0.4,32,0.7908335116307306
22.0,4.6,3.6,1.0,0.2,32,0.7558989829261572
23.0,5.1,3.3,1.7,0.5,32,0.7474934756019266
24.0,4.8,3.4,1.9,0.2,32,0.7233929680296302
25.0,5.0,3.0,1.6,0.2,32,0.7558456829800052
26.0,5.0,3.4,1.6,0.4,32,0.7972941471445149
27.0,5.2,3.5,1.5,0.2,32,0.8102609317167673
28.0,5.2,3.4,1.4,0.2,32,0.8129300135008732
29.0,4.7,3.2,1.6,0.2,32,0.7790933561178249
30.0,4.8,3.1,1.6,0.2,32,0.7760547297211192
31.0,5.4,3.4,1.5,0.4,32,0.7590729356783241
32.0,5.2,4.1,1.5,0.1,32,0.7225740557797423
33.0,5.5,4.2,1.4,0.2,32,0.6804299706558625
34.0,4.9,3.1,1.5,0.1,32,0.792145535217895
35.0,5.0,3.2,1.2,0.2,32,0.8005490401761709
36.0,5.5,3.5,1.3,0.2,32,0.7575191230246486
37.0,4.9,3.1,1.5,0.1,32,0.792145535217895
38.0,4.4,3.0,1.3,0.2,32,0.7220884601969902
39.0,5.1,3.4,1.5,0.2,32,0.819756617693266
40.0,5.0,3.5,1.3,0.3,32,0.8192971510795165
41.0,4.5,2.3,1.3,0.3,32,0.5618380813199992
42.0,4.4,3.2,1.3,0.2,32,0.7443044546940135
43.0,5.0,3.5,1.6,0.6,32,0.7570351994565121
44.0,5.1,3.8,1.9,0.4,32,0.6941927643100716
45.0,4.8,3.0,1.4,0.3,32,0.7705627827459921
46.0,5.1,3.8,1.6,0.2,32,0.7765681956509526
47.0,4.6,3.2,1.4,0.2,32,0.7823874079778517
48.0,5.3,3.7,1.5,0.2,32,0.78358986379924
49.0,5.0,3.3,1.4,0.2,32,0.8226478519417573
50.0,7.0,3.2,4.7,1.4,33,0.2178795258626459
51.0,6.4,3.2,4.5,1.5,33,0.45582171239146646
52.0,6.9,3.1,4.9,1.5,33,0.14476025990918379
53.0,5.5,2.3,4.0,1.3,30,0.5070526379079126
54.0,6.5,2.8,4.6,1.5,33,0.4797187507000609
55.0,5.7,2.8,4.5,1.3,33,-0.04824772358877163
56.0,6.3,3.3,4.7,1.6,33,0.3678894378998154
57.0,4.9,2.4,3.3,1.0,30,0.5132137430605631
58.0,6.6,2.9,4.6,1.3,33,0.4619809219418972
59.0,5.2,2.7,3.9,1.4,30,0.5173556876886788
60.0,5.0,2.0,3.5,1.0,30,0.4916908525879712
61.0,5.9,3.0,4.2,1.5,33,-0.025159290876149567
62.0,6.0,2.2,4.0,1.0,30,0.321377531916219
63.0,6.1,2.9,4.7,1.4,33,0.4760236831907216
64.0,5.6,2.9,3.6,1.3,30,0.49408532482711076
65.0,6.7,3.1,4.4,1.4,33,0.4157697873429139
66.0,5.6,3.0,4.5,1.5,33,0.028370794448822827
67.0,5.8,2.7,4.1,1.0,30,0.4035291553044801
68.0,6.2,2.2,4.5,1.5,33,0.21686515112991858
69.0,5.6,2.5,3.9,1.1,30,0.5690341439800802
70.0,5.9,3.2,4.8,1.8,33,0.3243738533710443
71.0,6.1,2.8,4.0,1.3,30,0.1502764584904106
72.0,6.3,2.5,4.9,1.5,33,0.4057549419673285
73.0,6.1,2.8,4.7,1.2,33,0.3790479246973673
74.0,6.4,2.9,4.3,1.3,33,0.3143872364273301
75.0,6.6,3.0,4.4,1.4,33,0.4374310398062486
76.0,6.8,2.8,4.8,1.4,33,0.31504600179922987
77.0,6.7,3.0,5.0,1.7,33,0.03003919671464537
78.0,6.0,2.9,4.5,1.5,33,0.3429040145041172
79.0,5.7,2.6,3.5,1.0,30,0.5277788934561913
80.0,5.5,2.4,3.8,1.1,30,0.5836054154999993
81.0,5.5,2.4,3.7,1.0,30,0.5776142625952422
82.0,5.8,2.7,3.9,1.2,30,0.4811180844350456
83.0,6.0,2.7,5.1,1.6,33,0.32398730034775514
84.0,5.4,3.0,4.5,1.5,30,0.0623461877515201
85.0,6.0,3.4,4.5,1.6,33,0.33416553505789026
86.0,6.7,3.1,4.7,1.5,33,0.33947390652123055
87.0,6.3,2.3,4.4,1.3,33,0.17320379013157294
88.0,5.6,3.0,4.1,1.3,30,0.36451375895829957
89.0,5.5,2.5,4.0,1.3,30,0.5404895377166995
90.0,5.5,2.6,4.4,1.2,30,0.31356263117783967
91.0,6.1,3.0,4.6,1.4,33,0.4367533934279589
92.0,5.8,2.6,4.0,1.2,30,0.46192730434336954
93.0,5.0,2.3,3.3,1.0,30,0.5210523743346246
94.0,5.6,2.7,4.2,1.3,30,0.40779552124756174
95.0,5.7,3.0,4.2,1.2,30,0.27711395618580265
96.0,5.7,2.9,4.2,1.3,30,0.29641541304229074
97.0,6.2,2.9,4.3,1.3,33,0.21963896665786517
98.0,5.1,2.5,3.0,1.1,30,0.44647400296252604
99.0,5.7,2.8,4.1,1.3,30,0.4064649912085482
100.0,6.3,3.3,6.0,2.5,31,0.4198215525254427
101.0,5.8,2.7,5.1,1.9,33,0.2060299840219686
102.0,7.1,3.0,5.9,2.1,34,-0.013464228178735669
103.0,6.3,2.9,5.6,1.8,31,0.36920637524624966
104.0,6.5,3.0,5.8,2.2,31,0.5493492063993407
105.0,7.6,3.0,6.6,2.1,34,0.5484453065688276
106.0,4.9,2.5,4.5,1.7,30,0.21717258081586852
107.0,7.3,2.9,6.3,1.8,34,0.4283730201765343
108.0,6.7,2.5,5.8,1.8,31,0.2886388864962784
109.0,7.2,3.6,6.1,2.5,34,0.14628549062902368
110.0,6.5,3.2,5.1,2.0,31,0.27379467200200847
111.0,6.4,2.7,5.3,1.9,31,0.21504238565222078
112.0,6.8,3.0,5.5,2.1,31,0.539653638540573
113.0,5.7,2.5,5.0,2.0,33,0.21739794619668554
114.0,5.8,2.8,5.1,2.4,31,0.06594273115989276
115.0,6.4,3.2,5.3,2.3,31,0.5021240783516691
116.0,6.5,3.0,5.5,1.8,31,0.42062267876208215
117.0,7.7,3.8,6.7,2.2,34,0.43770312446755044
118.0,7.7,2.6,6.9,2.3,34,0.446777866589488
119.0,6.0,2.2,5.0,1.5,33,0.3334100100335714
120.0,6.9,3.2,5.7,2.3,31,0.3766524672727665
121.0,5.6,2.8,4.9,2.0,33,0.24973515517503445
122.0,7.7,2.8,6.7,2.0,34,0.5262803342550795
123.0,6.3,2.7,4.9,1.8,33,0.299830255217648
124.0,6.7,3.3,5.7,2.1,31,0.48463585378739205
125.0,7.2,3.2,6.0,1.8,34,0.23923628440024033
126.0,6.2,2.8,4.8,1.8,33,0.3854795334924436
127.0,6.1,3.0,4.9,1.8,33,0.312861156260891
128.0,6.4,2.8,5.6,2.1,31,0.5159009170254146
129.0,7.2,3.0,5.8,1.6,34,0.0764804337578056
130.0,7.4,2.8,6.1,1.9,34,0.3934271960069881
131.0,7.9,3.8,6.4,2.0,34,0.43899574432117516
132.0,6.4,2.8,5.6,2.2,31,0.5332924356733666
133.0,6.3,2.8,5.1,1.5,33,0.28703986064642023
134.0,6.1,2.6,5.6,1.4,33,0.004559509802210758
135.0,7.7,3.0,6.1,2.3,34,0.44481083107961894
136.0,6.3,3.4,5.6,2.4,31,0.5290791085036224
137.0,6.4,3.1,5.5,1.8,31,0.4018227482177392
138.0,6.0,3.0,4.8,1.8,33,0.38322164010109916
139.0,6.9,3.1,5.4,2.1,31,0.49393170898568445
140.0,6.7,3.1,5.6,2.4,31,0.5502963126107994
141.0,6.9,3.1,5.1,2.3,31,0.40319772523409037
142.0,5.8,2.7,5.1,1.9,33,0.2060299840219686
143.0,6.8,3.2,5.9,2.3,31,0.3160872590353081
144.0,6.7,3.3,5.7,2.5,31,0.46099303999062013
145.0,6.7,3.0,5.2,2.3,31,0.47514171825219426
146.0,6.3,2.5,5.0,1.9,33,0.15917421338098778
147.0,6.5,3.0,5.2,2.0,31,0.3490860394189557
148.0,6.2,3.4,5.4,2.3,31,0.4451202010951024
149.0,5.9,3.0,5.1,1.8,33,0.1908363131884469
0.0,5.1,3.5,1.4,0.2,37,0.30500087605808335
1.0,4.9,3.0,1.4,0.2,39,0.5156655904944112
2.0,4.7,3.2,1.3,0.2,39,0.5375327112731073
3.0,4.6,3.1,1.5,0.2,39,0.5916487665373817
4.0,5.0,3.6,1.4,0.2,37,0.2783176136322826
5.0,5.4,3.9,1.7,0.4,37,0.5270188544212046
6.0,4.6,3.4,1.4,0.3,39,0.39151892029981566
7.0,5.0,3.4,1.5,0.2,37,0.0127680007512664
8.0,4.4,2.9,1.4,0.2,39,0.5625126080275199
9.0,4.9,3.1,1.5,0.1,39,0.4964040646641403
10.0,5.4,3.7,1.5,0.2,37,0.5454042952431568
11.0,4.8,3.4,1.6,0.2,39,0.23510936464634005
12.0,4.8,3.0,1.4,0.1,39,0.5696053235705428
13.0,4.3,3.0,1.1,0.1,39,0.4949996595784505
14.0,5.8,4.0,1.2,0.2,37,0.43862979535590546
15.0,5.7,4.4,1.5,0.4,37,0.43154967710620185
16.0,5.4,3.9,1.3,0.4,37,0.5125091523911444
17.0,5.1,3.5,1.4,0.3,37,0.32827229476485476
18.0,5.7,3.8,1.7,0.3,37,0.4907991844160854
19.0,5.1,3.8,1.5,0.3,37,0.487253976257413
20.0,5.4,3.4,1.7,0.2,37,0.3656697640610294
21.0,5.1,3.7,1.5,0.4,37,0.46320613931792964
22.0,4.6,3.6,1.0,0.2,39,0.17785460220992233
23.0,5.1,3.3,1.7,0.5,37,0.10451770304168642
24.0,4.8,3.4,1.9,0.2,39,0.1123580787173195
25.0,5.0,3.0,1.6,0.2,39,0.38535823036321154
26.0,5.0,3.4,1.6,0.4,37,0.09899202348283874
27.0,5.2,3.5,1.5,0.2,37,0.40927381556035525
28.0,5.2,3.4,1.4,0.2,37,0.27661959559889987
29.0,4.7,3.2,1.6,0.2,39,0.5086393334888603
30.0,4.8,3.1,1.6,0.2,39,0.5160006299620902
31.0,5.4,3.4,1.5,0.4,37,0.3981344629791353
32.0,5.2,4.1,1.5,0.1,37,0.4567873281589526
33.0,5.5,4.2,1.4,0.2,37,0.48082592229519866
34.0,4.9,3.1,1.5,0.1,39,0.4964040646641403
35.0,5.0,3.2,1.2,0.2,39,0.26955075113807847
36.0,5.5,3.5,1.3,0.2,37,0.4194266948777237
37.0,4.9,3.1,1.5,0.1,39,0.4964040646641403
38.0,4.4,3.0,1.3,0.2,39,0.566174123633302
39.0,5.1,3.4,1.5,0.2,37,0.18795329076946357
40.0,5.0,3.5,1.3,0.3,37,0.15062895416372063
41.0,4.5,2.3,1.3,0.3,39,0.40867396239584936
42.0,4.4,3.2,1.3,0.2,39,0.5312264352997278
43.0,5.0,3.5,1.6,0.6,37,0.21045716406829612
44.0,5.1,3.8,1.9,0.4,37,0.3831300412556986
45.0,4.8,3.0,1.4,0.3,39,0.5454950117760355
46.0,5.1,3.8,1.6,0.2,37,0.46724299308398465
47.0,4.6,3.2,1.4,0.2,39,0.570320651381107
48.0,5.3,3.7,1.5,0.2,37,0.541265582896316
49.0,5.0,3.3,1.4,0.2,39,0.14610173409551566
50.0,7.0,3.2,4.7,1.4,38,0.2178795258626459
51.0,6.4,3.2,4.5,1.5,38,0.45582171239146646
52.0,6.9,3.1,4.9,1.5,38,0.14476025990918379
53.0,5.5,2.3,4.0,1.3,36,0.5070526379079126
54.0,6.5,2.8,4.6,1.5,38,0.4797187507000609
55.0,5.7,2.8,4.5,1.3,38,-0.04824772358877163
56.0,6.3,3.3,4.7,1.6,38,0.3678894378998154
57.0,4.9,2.4,3.3,1.0,36,0.5132137430605631
58.0,6.6,2.9,4.6,1.3,38,0.4619809219418972
59.0,5.2,2.7,3.9,1.4,36,0.5173556876886788
60.0,5.0,2.0,3.5,1.0,36,0.4916908525879712
61.0,5.9,3.0,4.2,1.5,38,-0.025159290876149567
62.0,6.0,2.2,4.0,1.0,36,0.321377531916219
63.0,6.1,2.9,4.7,1.4,38,0.4760236831907216
64.0,5.6,2.9,3.6,1.3,36,0.49408532482711076
65.0,6.7,3.1,4.4,1.4,38,0.4157697873429139
66.0,5.6,3.0,4.5,1.5,38,0.028370794448822827
67.0,5.8,2.7,4.1,1.0,36,0.4035291553044801
68.0,6.2,2.2,4.5,1.5,38,0.21686515112991858
69.0,5.6,2.5,3.9,1.1,36,0.5690341439800802
70.0,5.9,3.2,4.8,1.8,38,0.3243738533710443
71.0,6.1,2.8,4.0,1.3,36,0.1502764584904106
72.0,6.3,2.5,4.9,1.5,38,0.4057549419673285
73.0,6.1,2.8,4.7,1.2,38,0.3790479246973673
74.0,6.4,2.9,4.3,1.3,38,0.3143872364273301
75.0,6.6,3.0,4.4,1.4,38,0.4374310398062486
76.0,6.8,2.8,4.8,1.4,38,0.31504600179922987
77.0,6.7,3.0,5.0,1.7,38,0.03003919671464537
78.0,6.0,2.9,4.5,1.5,38,0.3429040145041172
79.0,5.7,2.6,3.5,1.0,36,0.5277788934561913
80.0,5.5,2.4,3.8,1.1,36,0.5836054154999993
81.0,5.5,2.4,3.7,1.0,36,0.5776142625952422
82.0,5.8,2.7,3.9,1.2,36,0.4811180844350456
83.0,6.0,2.7,5.1,1.6,38,0.32398730034775514
84.0,5.4,3.0,4.5,1.5,36,0.0623461877515201
85.0,6.0,3.4,4.5,1.6,38,0.33416553505789026
86.0,6.7,3.1,4.7,1.5,38,0.33947390652123055
87.0,6.3,2.3,4.4,1.3,38,0.17320379013157294
88.0,5.6,3.0,4.1,1.3,36,0.36451375895829957
89.0,5.5,2.5,4.0,1.3,36,0.5404895377166995
90.0,5.5,2.6,4.4,1.2,36,0.31356263117783967
91.0,6.1,3.0,4.6,1.4,38,0.4367533934279589
92.0,5.8,2.6,4.0,1.2,36,0.46192730434336954
93.0,5.0,2.3,3.3,1.0,36,0.5210523743346246
94.0,5.6,2.7,4.2,1.3,36,0.40779552124756174
95.0,5.7,3.0,4.2,1.2,36,0.27711395618580265
96.0,5.7,2.9,4.2,1.3,36,0.29641541304229074
97.0,6.2,2.9,4.3,1.3,38,0.21963896665786517
98.0,5.1,2.5,3.0,1.1,36,0.43078337901156494
99.0,5.7,2.8,4.1,1.3,36,0.4064649912085482
100.0,6.3,3.3,6.0,2.5,40,0.4198215525254427
101.0,5.8,2.7,5.1,1.9,38,0.2060299840219686
102.0,7.1,3.0,5.9,2.1,35,-0.013464228178735669
103.0,6.3,2.9,5.6,1.8,40,0.36920637524624966
104.0,6.5,3.0,5.8,2.2,40,0.5493492063993407
105.0,7.6,3.0,6.6,2.1,35,0.5484453065688276
106.0,4.9,2.5,4.5,1.7,36,0.21717258081586852
107.0,7.3,2.9,6.3,1.8,35,0.4283730201765343
108.0,6.7,2.5,5.8,1.8,40,0.2886388864962784
109.0,7.2,3.6,6.1,2.5,35,0.14628549062902368
110.0,6.5,3.2,5.1,2.0,40,0.27379467200200847
111.0,6.4,2.7,5.3,1.9,40,0.21504238565222078
112.0,6.8,3.0,5.5,2.1,40,0.539653638540573
113.0,5.7,2.5,5.0,2.0,38,0.21739794619668554
114.0,5.8,2.8,5.1,2.4,40,0.06594273115989276
115.0,6.4,3.2,5.3,2.3,40,0.5021240783516691
116.0,6.5,3.0,5.5,1.8,40,0.42062267876208215
117.0,7.7,3.8,6.7,2.2,35,0.43770312446755044
118.0,7.7,2.6,6.9,2.3,35,0.446777866589488
119.0,6.0,2.2,5.0,1.5,38,0.3334100100335714
120.0,6.9,3.2,5.7,2.3,40,0.3766524672727665
121.0,5.6,2.8,4.9,2.0,38,0.24973515517503445
122.0,7.7,2.8,6.7,2.0,35,0.5262803342550795
123.0,6.3,2.7,4.9,1.8,38,0.299830255217648
124.0,6.7,3.3,5.7,2.1,40,0.48463585378739205
125.0,7.2,3.2,6.0,1.8,35,0.23923628440024033
126.0,6.2,2.8,4.8,1.8,38,0.3854795334924436
127.0,6.1,3.0,4.9,1.8,38,0.312861156260891
128.0,6.4,2.8,5.6,2.1,40,0.5159009170254146
129.0,7.2,3.0,5.8,1.6,35,0.0764804337578056
130.0,7.4,2.8,6.1,1.9,35,0.3934271960069881
131.0,7.9,3.8,6.4,2.0,35,0.43899574432117516
132.0,6.4,2.8,5.6,2.2,40,0.5332924356733666
133.0,6.3,2.8,5.1,1.5,38,0.28703986064642023
134.0,6.1,2.6,5.6,1.4,38,0.004559509802210758
135.0,7.7,3.0,6.1,2.3,35,0.44481083107961894
136.0,6.3,3.4,5.6,2.4,40,0.5290791085036224
137.0,6.4,3.1,5.5,1.8,40,0.4018227482177392
138.0,6.0,3.0,4.8,1.8,38,0.38322164010109916
139.0,6.9,3.1,5.4,2.1,40,0.49393170898568445
140.0,6.7,3.1,5.6,2.4,40,0.5502963126107994
141.0,6.9,3.1,5.1,2.3,40,0.40319772523409037
142.0,5.8,2.7,5.1,1.9,38,0.2060299840219686
143.0,6.8,3.2,5.9,2.3,40,0.3160872590353081
144.0,6.7,3.3,5.7,2.5,40,0.46099303999062013
145.0,6.7,3.0,5.2,2.3,40,0.47514171825219426
146.0,6.3,2.5,5.0,1.9,38,0.15917421338098778
147.0,6.5,3.0,5.2,2.0,40,0.3490860394189557
148.0,6.2,3.4,5.4,2.3,40,0.4451202010951024
149.0,5.9,3.0,5.1,1.8,38,0.1908363131884469
