p edge 40 568
v 1 615426
v 2 828325
v 3 408053
v 4 799273
v 5 473207
v 6 312558
v 7 761253
v 8 354922
v 9 404198
v 10 761253
v 11 404198
v 12 261860
v 13 329828
v 14 422617
v 15 261860
v 16 403572
v 17 357851
v 18 329828
v 19 422617
v 20 441748
v 21 769333
v 22 632446
v 23 417182
v 24 797629
v 25 451105
v 26 327099
v 27 761102
v 28 354849
v 29 426409
v 30 418122
v 31 415809
v 32 758566
v 33 277012
v 34 342779
v 35 342779
v 36 417494
v 37 361913
v 38 277012
v 39 440241
v 40 415809
e 1 2 83842
e 1 4 83842
e 1 7 83842
e 1 10 83842
e 1 13 52727
e 1 17 83517
e 1 18 52727
e 1 20 83578
e 1 21 78535
e 1 24 83842
e 1 27 83842
e 1 32 83842
e 1 34 52727
e 1 35 52727
e 1 37 83501
e 1 39 83564
e 2 3 81093
e 2 5 70203
e 2 6 70203
e 2 8 72165
e 2 9 77483
e 2 11 77483
e 2 12 72165
e 2 13 67937
e 2 14 68146
e 2 15 72165
e 2 16 77483
e 2 18 67937
e 2 19 68146
e 2 22 79760
e 2 23 80937
e 2 25 70893
e 2 26 68201
e 2 28 70138
e 2 29 77470
e 2 30 77229
e 2 31 67501
e 2 33 70974
e 2 34 67937
e 2 35 67937
e 2 36 77229
e 2 38 70974
e 2 40 67501
e 3 4 81093
e 3 5 93553
e 3 6 93553
e 3 7 81093
e 3 10 81093
e 3 13 85438
e 3 14 92218
e 3 17 80764
e 3 18 85438
e 3 19 92218
e 3 20 80721
e 3 21 74780
e 3 24 81093
e 3 25 91245
e 3 26 89495
e 3 27 81093
e 3 31 90255
e 3 32 81093
e 3 34 85438
e 3 35 85438
e 3 37 80750
e 3 39 80706
e 3 40 90255
e 4 5 70203
e 4 6 70203
e 4 8 72165
e 4 9 77483
e 4 11 77483
e 4 12 72165
e 4 13 67937
e 4 14 68146
e 4 15 72165
e 4 16 77483
e 4 18 67937
e 4 19 68146
e 4 22 79760
e 4 23 80937
e 4 25 70893
e 4 26 68201
e 4 28 70138
e 4 29 77470
e 4 30 77229
e 4 31 67501
e 4 33 70974
e 4 34 67937
e 4 35 67937
e 4 36 77229
e 4 38 70974
e 4 40 67501
e 5 7 70203
e 5 8 91822
e 5 9 81249
e 5 10 70203
e 5 11 81249
e 5 12 91822
e 5 15 91822
e 5 16 81249
e 5 17 69503
e 5 20 69930
e 5 21 79269
e 5 23 92457
e 5 24 70203
e 5 27 70203
e 5 28 83318
e 5 29 82019
e 5 30 80790
e 5 32 70203
e 5 33 89692
e 5 36 80790
e 5 37 69468
e 5 38 89692
e 5 39 69903
e 6 7 70203
e 6 8 91822
e 6 9 81249
e 6 10 70203
e 6 11 81249
e 6 12 91822
e 6 15 91822
e 6 16 81249
e 6 17 69503
e 6 20 69930
e 6 21 79269
e 6 23 92457
e 6 24 70203
e 6 27 70203
e 6 28 83318
e 6 29 82019
e 6 30 80790
e 6 32 70203
e 6 33 89692
e 6 36 80790
e 6 37 69468
e 6 38 89692
e 6 39 69903
e 7 8 72165
e 7 9 77483
e 7 11 77483
e 7 12 72165
e 7 13 67937
e 7 14 68146
e 7 15 72165
e 7 16 77483
e 7 18 67937
e 7 19 68146
e 7 22 79760
e 7 23 80937
e 7 25 70893
e 7 26 68201
e 7 28 70138
e 7 29 77470
e 7 30 77229
e 7 31 67501
e 7 33 70974
e 7 34 67937
e 7 35 67937
e 7 36 77229
e 7 38 70974
e 7 40 67501
e 8 9 91016
e 8 10 72165
e 8 11 91016
e 8 13 82514
e 8 14 89658
e 8 16 91016
e 8 17 71523
e 8 18 82514
e 8 19 89658
e 8 20 72033
e 8 21 84784
e 8 24 72165
e 8 25 88775
e 8 26 86803
e 8 27 72165
e 8 29 87259
e 8 30 90394
e 8 31 87002
e 8 32 72165
e 8 34 82514
e 8 35 82514
e 8 36 90394
e 8 37 71493
e 8 39 72006
e 8 40 87002
e 9 10 77483
e 9 12 91016
e 9 13 75388
e 9 14 78242
e 9 15 91016
e 9 17 77334
e 9 18 75388
e 9 19 78242
e 9 20 76734
e 9 21 69822
e 9 24 77483
e 9 25 81156
e 9 26 80179
e 9 27 77483
e 9 28 88620
e 9 31 79792
e 9 32 77483
e 9 33 89445
e 9 34 75388
e 9 35 75388
e 9 37 77330
e 9 38 89445
e 9 39 76724
e 9 40 79792
e 10 11 77483
e 10 12 72165
e 10 13 67937
e 10 14 68146
e 10 15 72165
e 10 16 77483
e 10 18 67937
e 10 19 68146
e 10 22 79760
e 10 23 80937
e 10 25 70893
e 10 26 68201
e 10 28 70138
e 10 29 77470
e 10 30 77229
e 10 31 67501
e 10 33 70974
e 10 34 67937
e 10 35 67937
e 10 36 77229
e 10 38 70974
e 10 40 67501
e 11 12 91016
e 11 13 75388
e 11 14 78242
e 11 15 91016
e 11 17 77334
e 11 18 75388
e 11 19 78242
e 11 20 76734
e 11 21 69822
e 11 24 77483
e 11 25 81156
e 11 26 80179
e 11 27 77483
e 11 28 88620
e 11 31 79792
e 11 32 77483
e 11 33 89445
e 11 34 75388
e 11 35 75388
e 11 37 77330
e 11 38 89445
e 11 39 76724
e 11 40 79792
e 12 13 82514
e 12 14 89658
e 12 16 91016
e 12 17 71523
e 12 18 82514
e 12 19 89658
e 12 20 72033
e 12 21 84784
e 12 24 72165
e 12 25 88775
e 12 26 86803
e 12 27 72165
e 12 29 87259
e 12 30 90394
e 12 31 87002
e 12 32 72165
e 12 34 82514
e 12 35 82514
e 12 36 90394
e 12 37 71493
e 12 39 72006
e 12 40 87002
e 13 14 88345
e 13 15 82514
e 13 16 75388
e 13 17 67175
e 13 19 88345
e 13 20 67645
e 13 21 75667
e 13 22 52500
e 13 23 83277
e 13 24 67937
e 13 27 67937
e 13 28 82500
e 13 29 75272
e 13 30 74120
e 13 31 88537
e 13 32 67937
e 13 33 82667
e 13 36 74120
e 13 37 67136
e 13 38 82667
e 13 39 67615
e 13 40 88537
e 14 15 89658
e 14 16 78242
e 14 17 67405
e 14 18 88345
e 14 20 67847
e 14 21 77800
e 14 23 90899
e 14 24 68146
e 14 27 68146
e 14 28 79121
e 14 29 79130
e 14 30 77768
e 14 32 68146
e 14 33 87053
e 14 34 88345
e 14 35 88345
e 14 36 77768
e 14 37 67366
e 14 38 87053
e 14 39 67819
e 15 16 91016
e 15 17 71523
e 15 18 82514
e 15 19 89658
e 15 20 72033
e 15 21 84784
e 15 24 72165
e 15 25 88775
e 15 26 86803
e 15 27 72165
e 15 29 87259
e 15 30 90394
e 15 31 87002
e 15 32 72165
e 15 34 82514
e 15 35 82514
e 15 36 90394
e 15 37 71493
e 15 39 72006
e 15 40 87002
e 16 17 77334
e 16 18 75388
e 16 19 78242
e 16 20 76734
e 16 21 69822
e 16 24 77483
e 16 25 81156
e 16 26 80179
e 16 27 77483
e 16 28 88620
e 16 31 79792
e 16 32 77483
e 16 33 89445
e 16 34 75388
e 16 35 75388
e 16 37 77330
e 16 38 89445
e 16 39 76724
e 16 40 79792
e 17 18 67175
e 17 19 67405
e 17 20 89834
e 17 22 79336
e 17 23 80610
e 17 25 70211
e 17 26 67460
e 17 28 69451
e 17 29 77295
e 17 30 77080
e 17 31 66762
e 17 33 70303
e 17 34 67175
e 17 35 67175
e 17 36 77080
e 17 38 70303
e 17 39 88758
e 17 40 66762
e 18 19 88345
e 18 20 67645
e 18 21 75667
e 18 22 52500
e 18 23 83277
e 18 24 67937
e 18 27 67937
e 18 28 82500
e 18 29 75272
e 18 30 74120
e 18 31 88537
e 18 32 67937
e 18 33 82667
e 18 36 74120
e 18 37 67136
e 18 38 82667
e 18 39 67615
e 18 40 88537
e 19 20 67847
e 19 21 77800
e 19 23 90899
e 19 24 68146
e 19 27 68146
e 19 28 79121
e 19 29 79130
e 19 30 77768
e 19 32 68146
e 19 33 87053
e 19 34 88345
e 19 35 88345
e 19 36 77768
e 19 37 67366
e 19 38 87053
e 19 39 67819
e 20 22 79583
e 20 23 80557
e 20 25 70121
e 20 26 68144
e 20 28 69988
e 20 29 76754
e 20 30 76469
e 20 31 67074
e 20 33 70769
e 20 34 67645
e 20 35 67645
e 20 36 76469
e 20 37 90008
e 20 38 70769
e 20 40 67074
e 21 22 96412
e 21 23 74563
e 21 25 79117
e 21 26 77881
e 21 28 83354
e 21 29 69803
e 21 30 69482
e 21 31 78953
e 21 33 83920
e 21 34 75667
e 21 35 75667
e 21 36 69482
e 21 38 83920
e 21 40 78953
e 22 24 79760
e 22 27 79760
e 22 32 79760
e 22 34 52500
e 22 35 52500
e 22 37 79315
e 22 39 79565
e 23 24 80937
e 23 25 94574
e 23 26 88919
e 23 27 80937
e 23 31 90345
e 23 32 80937
e 23 34 83277
e 23 35 83277
e 23 37 80596
e 23 39 80542
e 23 40 90345
e 24 25 70893
e 24 26 68201
e 24 28 70138
e 24 29 77470
e 24 30 77229
e 24 31 67501
e 24 33 70974
e 24 34 67937
e 24 35 67937
e 24 36 77229
e 24 38 70974
e 24 40 67501
e 25 27 70893
e 25 28 80900
e 25 29 81738
e 25 30 80494
e 25 32 70893
e 25 33 88144
e 25 36 80494
e 25 37 70177
e 25 38 88144
e 25 39 70094
e 26 27 68201
e 26 28 90739
e 26 29 79576
e 26 30 78486
e 26 32 68201
e 26 33 86781
e 26 36 78486
e 26 37 67422
e 26 38 86781
e 26 39 68116
e 27 28 70138
e 27 29 77470
e 27 30 77229
e 27 31 67501
e 27 33 70974
e 27 34 67937
e 27 35 67937
e 27 36 77229
e 27 38 70974
e 27 40 67501
e 28 29 94214
e 28 30 94377
e 28 31 79049
e 28 32 70138
e 28 34 82500
e 28 35 82500
e 28 36 94377
e 28 37 69418
e 28 39 69959
e 28 40 79049
e 29 31 78741
e 29 32 77470
e 29 33 92283
e 29 34 75272
e 29 35 75272
e 29 37 77291
e 29 38 92283
e 29 39 76742
e 29 40 78741
e 30 31 79166
e 30 32 77229
e 30 33 94060
e 30 34 74120
e 30 35 74120
e 30 37 77077
e 30 38 94060
e 30 39 76458
e 30 40 79166
e 31 32 67501
e 31 33 87870
e 31 34 88537
e 31 35 88537
e 31 36 79166
e 31 37 66724
e 31 38 87870
e 31 39 67046
e 32 33 70974
e 32 34 67937
e 32 35 67937
e 32 36 77229
e 32 38 70974
e 32 40 67501
e 33 34 82667
e 33 35 82667
e 33 36 94060
e 33 37 70271
e 33 39 70741
e 33 40 87870
e 34 36 74120
e 34 37 67136
e 34 38 82667
e 34 39 67615
e 34 40 88537
e 35 36 74120
e 35 37 67136
e 35 38 82667
e 35 39 67615
e 35 40 88537
e 36 37 77077
e 36 38 94060
e 36 39 76458
e 36 40 79166
e 37 38 70271
e 37 39 93571
e 37 40 66724
e 38 39 70741
e 38 40 87870
e 39 40 67046
